0.43833427450980395
0.2995241764705882
0.22487861904761908
0.2939827
0.22487861904761908
0.2939827
0.3500203442622951
0.2554983142857143
0.32738731578947367
0.5231003750000001
0.43976358490566037
0.5231003750000001
0.43976358490566037
0.46757515
0.4098582857142857
0.46757515
0.4098582857142857
0.3553164705882353
0.3451699166666667
0.3314862
0.3451699166666667
0.3314862
0.3419755471698113
0.2916710625
0.9553211538461539
0.3155658125
0.8097202886597938
0.3375766666666667
0.32605907246376814
0.4321286315789474
0.47904507407407404
0.3683555909090909
0.32605907246376814
0.4321286315789474
0.47904507407407404
0.3683555909090909
0.32605907246376814
0.4321286315789474
0.47904507407407404
0.3683555909090909
0.32605907246376814
0.4321286315789474
0.47904507407407404
0.3683555909090909
0.4555361818181818
0.4016648333333333
0.4555361818181818
0.4016648333333333
0.49540204477611943
0.3781652727272727
0.39843375
0.3890152123287671
0.32574831249999997
0.27771508
0.39843375
0.3890152123287671
0.32574831249999997
0.27771508
0.39843375
0.3890152123287671
0.32574831249999997
0.27771508
0.39843375
0.3890152123287671
0.32574831249999997
0.27771508
0.2273003
0.27839823076923076
0.3746076818181818
0.384741
0.2810872173913043
0.28483465217391307
0.2810872173913043
0.28483465217391307
0.41635323076923075
0.43892009615384614
0.41635323076923075
0.43892009615384614
0.3796800857142857
0.3921960625
0.22750945000000003
0.24682105000000001
0.22750945000000003
0.24682105000000001
0.336533625
0.2478518181818182
0.31039985
0.2837951111111111
0.323410488372093
0.3401163711340206
0.34110336842105266
0.2688263157894737
0.29378377272727274
0.4337015769230769
0.2208441764705882
0.4687410823529412
0.4254752527472528
0.3741664761904762
0.26229855555555553
0.2941915294117647
0.26229855555555553
0.2941915294117647
0.31708175
0.342256619047619
0.3261923513513514
0.342256619047619
0.3261923513513514
0.28254690476190475
0.46023983333333335
0.49566417307692306
0.36643557894736845
0.3377610833333333
0.3875266363636364
0.3174406111111111
0.3875266363636364
0.3174406111111111
0.3914721290322581
0.45309814634146345
0.26402416666666667
0.37142112000000005
0.31641456410256413
0.2346062448979592
0.3616741379310345
0.2346062448979592
0.3616741379310345
0.364446
0.530450619047619
0.6063510384615385
0.530450619047619
0.6063510384615385
0.35516523529411764
0.35516523529411764
0.22826726666666666
0.3116865208333333
0.26967470454545456
0.35237878571428566
0.31552656097560977
0.26802626530612245
0.4219073
0.47897389999999995
0.2859690465116279
0.3291192619047619
0.45537409999999995
0.3812858148148148
0.3899058387096774
0.4696635925925926
0.3812858148148148
0.3899058387096774
0.4696635925925926
0.3812858148148148
0.3899058387096774
0.4696635925925926
0.243346
0.2825722857142857
0.31906593333333333
0.3200581739130435
0.3899854090909091
0.2611535
0.3868077857142857
0.3619878987341772
0.3868077857142857
0.3619878987341772
0.40169827536231884
0.4053012653061224
0.23914632258064514
0.4053012653061224
0.23914632258064514
0.4169413975903614
0.30216374999999995
0.31343227777777777
0.360212375
0.31343227777777777
0.360212375
0.2728772222222222
0.35540849999999996
0.42137534782608693
0.2749472307692308
0.42137534782608693
0.2749472307692308
0.28324839999999996
0.3978795172413793
0.2849482857142857
0.4606057777777777
0.3802377142857143
0.30927159259259257
0.3802377142857143
0.30927159259259257
0.28767825
0.3264432592592592
0.6875496551724137
0.3264432592592592
0.6875496551724137
0.3595628918918919
0.46924699999999997
0.4379875185185185
0.46924699999999997
0.4379875185185185
0.2509575625
0.3891190769230769
0.2509575625
0.3891190769230769
0.36857572727272725
0.3684633333333333
0.33370526923076926
0.3281835714285714
0.42823799999999995
0.31349543750000003
0.5741510943396226
0.31349543750000003
0.5741510943396226
0.4320209523809524
0.2706561891891892
0.3631861538461539
0.39295030232558137
0.6680942980769231
0.3022165379310345
0.41526410606060604
0.44291467647058824
0.41706576
0.46164070588235295
0.510521576923077
0.44291467647058824
0.41706576
0.46164070588235295
0.510521576923077
0.44291467647058824
0.41706576
0.46164070588235295
0.510521576923077
0.44291467647058824
0.41706576
0.46164070588235295
0.510521576923077
0.267457
0.3292475625
0.41316200000000003
0.2525302272727273
0.41315845098039217
0.3132896363636363
0.32142704347826084
0.3191649545454545
0.3551765
0.3259838529411765
0.3132896363636363
0.32142704347826084
0.3191649545454545
0.3551765
0.3259838529411765
0.3132896363636363
0.32142704347826084
0.3191649545454545
0.3551765
0.3259838529411765
0.3132896363636363
0.32142704347826084
0.3191649545454545
0.3551765
0.3259838529411765
0.3132896363636363
0.32142704347826084
0.3191649545454545
0.3551765
0.3259838529411765
0.29866780000000004
0.26541769444444446
0.29866780000000004
0.26541769444444446
0.29206872093023256
0.25252086956521735
0.29206872093023256
0.25252086956521735
0.28511824
0.2826523157894737
0.3072962727272727
0.2826523157894737
0.3072962727272727
0.3735472
0.26664705
0.29441048
0.28682110714285713
0.3182531666666667
0.31259355555555557
0.2995286636363636
0.28109428571428574
0.38035471428571427
0.41117785185185185
0.28682110714285713
0.3182531666666667
0.31259355555555557
0.2995286636363636
0.28109428571428574
0.38035471428571427
0.41117785185185185
0.28682110714285713
0.3182531666666667
0.31259355555555557
0.2995286636363636
0.28109428571428574
0.38035471428571427
0.41117785185185185
0.28682110714285713
0.3182531666666667
0.31259355555555557
0.2995286636363636
0.28109428571428574
0.38035471428571427
0.41117785185185185
0.28682110714285713
0.3182531666666667
0.31259355555555557
0.2995286636363636
0.28109428571428574
0.38035471428571427
0.41117785185185185
0.28682110714285713
0.3182531666666667
0.31259355555555557
0.2995286636363636
0.28109428571428574
0.38035471428571427
0.41117785185185185
0.28682110714285713
0.3182531666666667
0.31259355555555557
0.2995286636363636
0.28109428571428574
0.38035471428571427
0.41117785185185185
0.3320170338983051
0.487309
0.3320170338983051
0.487309
0.2848071052631579
0.2550294666666667
0.38670295454545456
0.2550294666666667
0.38670295454545456
0.29426839130434784
0.334168037037037
0.29426839130434784
0.334168037037037
0.32446728571428574
0.3688632173913043
0.4117105
0.29036625000000005
0.4117105
0.29036625000000005
0.27111230555555554
0.5188772388059701
0.2335909375
0.2779970434782609
0.31245685714285715
0.2779970434782609
0.31245685714285715
0.5392586949152542
0.38756287628865976
0.5392586949152542
0.38756287628865976
0.42061126470588234
0.30388758823529416
0.32488788888888886
0.30388758823529416
0.32488788888888886
0.39621142857142855
0.37581499159663867
0.2910623333333333
0.5047384666666667
0.2828111
0.3707717222222222
0.2666933064516129
0.5047384666666667
0.2828111
0.3707717222222222
0.2666933064516129
0.5047384666666667
0.2828111
0.3707717222222222
0.2666933064516129
0.5047384666666667
0.2828111
0.3707717222222222
0.2666933064516129
0.46108279999999996
0.4178500588235294
0.2997911551724138
0.4677159722222222
0.9410933944954127
0.3188680909090909
0.2758896538461538
0.3188680909090909
0.2758896538461538
0.333575
0.8737539090909091
0.5194971666666667
0.31274483870967745
0.3494917083333333
0.5419443846153846
0.452560375
0.5419443846153846
0.452560375
0.329235
0.39887603191489357
0.26417652
0.2920345833333333
0.44786941509433964
0.2696837037037037
0.24219631914893616
0.29269
0.27768672222222224
0.28063168181818177
0.3232191388888889
0.49399791428571427
0.402857705882353
0.3332210526315789
0.23564584
0.3332210526315789
0.23564584
0.22799360377358488
0.4248209387755102
0.41001944444444444
0.4248209387755102
0.41001944444444444
0.27063347368421053
0.3885490666666667
0.35635857407407406
0.39473091304347824
0.3698823333333333
0.4030527222222222
0.27063347368421053
0.3885490666666667
0.35635857407407406
0.39473091304347824
0.3698823333333333
0.4030527222222222
0.27063347368421053
0.3885490666666667
0.35635857407407406
0.39473091304347824
0.3698823333333333
0.4030527222222222
0.27063347368421053
0.3885490666666667
0.35635857407407406
0.39473091304347824
0.3698823333333333
0.4030527222222222
0.27063347368421053
0.3885490666666667
0.35635857407407406
0.39473091304347824
0.3698823333333333
0.4030527222222222
0.27063347368421053
0.3885490666666667
0.35635857407407406
0.39473091304347824
0.3698823333333333
0.4030527222222222
0.28949070000000005
0.218925
0.31135427272727273
0.26849756666666663
0.24485259999999998
0.43981126666666664
0.3794998571428571
0.3082230833333333
0.36589958333333333
0.40918112
0.36589958333333333
0.40918112
0.3411204545454546
0.484259
0.38694229166666666
0.42249569696969697
0.484259
0.38694229166666666
0.42249569696969697
0.484259
0.38694229166666666
0.42249569696969697
0.39532930555555557
0.5563144210526316
0.7911083333333334
0.2864090833333333
0.5668145408163265
0.355825046875
0.5668145408163265
0.355825046875
0.27767586842105263
0.2879587254901961
0.27767586842105263
0.2879587254901961
0.4538904107142857
0.36180761904761904
0.4538904107142857
0.36180761904761904
0.42077950000000003
0.378795625
0.42077950000000003
0.378795625
0.3382471578947368
0.26932372222222223
0.3382471578947368
0.26932372222222223
0.31662433333333334
0.31873062121212126
0.36279923076923076
0.6047026666666666
0.36279923076923076
0.6047026666666666
0.3584478139534884
0.34305811764705885
0.34172392
0.34305811764705885
0.34172392
0.2429283333333333
0.39404541666666665
0.32144192
0.4425293913043479
0.32144192
0.4425293913043479
0.3396257741935484
0.2952803043478261
0.35760090476190476
0.483915568627451
0.35760090476190476
0.483915568627451
0.2776162285714286
0.27510786666666665
0.2776162285714286
0.27510786666666665
0.372535
0.3813055681818182
0.5376789523809523
0.36651169565217395
0.3906168125
0.2103816956521739
0.30219390625000003
0.2103816956521739
0.30219390625000003
0.448402625
0.38580542857142863
0.39204525581395344
0.38580542857142863
0.39204525581395344
0.3624022131147541
0.29760629411764705
0.3624022131147541
0.29760629411764705
0.4318213636363637
0.6897801785714286
0.4318213636363637
0.6897801785714286
0.40262285365853656
0.8230883114754098
0.36603199999999997
0.37992935294117647
0.44147237037037035
0.36603199999999997
0.37992935294117647
0.44147237037037035
0.36603199999999997
0.37992935294117647
0.44147237037037035
0.3357175363636363
0.34241280952380954
0.4188388181818182
0.3217953846153846
0.32256804347826085
0.3804857868852459
0.5087987941176471
0.3529357777777778
0.36146860000000003
0.4456077848101266
0.3529357777777778
0.36146860000000003
0.4456077848101266
0.3529357777777778
0.36146860000000003
0.4456077848101266
0.35164028571428574
0.28721360344827584
0.2767771304347826
0.24200671999999998
0.2767771304347826
0.24200671999999998
0.27500617857142856
0.2687257826086956
0.42730746428571426
0.28843075609756097
0.3139363111111111
0.4454385944055944
0.37816383333333337
0.33799500000000005
0.3181892333333333
0.37097040000000003
0.371638796460177
0.2865939292929293
0.33799500000000005
0.3181892333333333
0.37097040000000003
0.371638796460177
0.2865939292929293
0.33799500000000005
0.3181892333333333
0.37097040000000003
0.371638796460177
0.2865939292929293
0.33799500000000005
0.3181892333333333
0.37097040000000003
0.371638796460177
0.2865939292929293
0.33799500000000005
0.3181892333333333
0.37097040000000003
0.371638796460177
0.2865939292929293
0.21730337500000002
0.26328055844155845
0.21730337500000002
0.26328055844155845
0.2841964444444444
0.40016453030303034
0.3661565614035088
0.33349342307692303
0.23448279310344827
0.2925575
0.23448279310344827
0.2925575
0.3605423125
0.2604032765957447
0.33512859090909086
0.3628474705882353
0.4846253243243243
0.33512859090909086
0.3628474705882353
0.4846253243243243
0.33512859090909086
0.3628474705882353
0.4846253243243243
0.2687974705882353
0.2702245925925926
0.24605470967741935
0.3932908148148148
0.3637714848484848
0.4566352888888889
0.24605470967741935
0.3932908148148148
0.3637714848484848
0.4566352888888889
0.24605470967741935
0.3932908148148148
0.3637714848484848
0.4566352888888889
0.24605470967741935
0.3932908148148148
0.3637714848484848
0.4566352888888889
0.2681327714285714
0.36829180769230774
0.2613472
0.36829180769230774
0.2613472
0.4465878846153846
0.2776565238095238
0.3553990294117647
0.25510053846153846
0.3028223888888889
0.25510053846153846
0.3028223888888889
0.321382
0.2638105
0.321382
0.2638105
0.25973919999999995
0.30569605555555557
0.4676417333333333
0.32087956164383563
0.21654049999999997
0.46434392222222226
0.255461625
0.46434392222222226
0.255461625
0.25756608163265304
0.2610985806451613
0.27093366
0.28933013888888887
0.32600903846153845
0.31312578947368425
0.25756608163265304
0.2610985806451613
0.27093366
0.28933013888888887
0.32600903846153845
0.31312578947368425
0.25756608163265304
0.2610985806451613
0.27093366
0.28933013888888887
0.32600903846153845
0.31312578947368425
0.25756608163265304
0.2610985806451613
0.27093366
0.28933013888888887
0.32600903846153845
0.31312578947368425
0.25756608163265304
0.2610985806451613
0.27093366
0.28933013888888887
0.32600903846153845
0.31312578947368425
0.25756608163265304
0.2610985806451613
0.27093366
0.28933013888888887
0.32600903846153845
0.31312578947368425
0.32928648000000005
0.37148933333333334
0.46958096
0.37148933333333334
0.46958096
0.9108065280898876
0.47224055
0.3277964
0.234552025
0.3277964
0.234552025
0.30776195652173916
0.36217718518518516
0.31901802325581397
0.3552590930232558
0.21956325
0.34527491304347824
0.25853809677419354
0.3293734242424242
0.3525887142857143
0.3293734242424242
0.3525887142857143
0.33979739130434783
0.29276090322580645
0.23820829411764705
0.5242084084507043
0.28645556
0.33178402325581396
0.25823117500000003
0.4844608974358975
0.5482877582417582
0.4534067352941176
0.5482877582417582
0.4534067352941176
0.33529479166666665
0.3607835555555556
0.4742717419354839
0.5146723999999999
0.3607835555555556
0.4742717419354839
0.5146723999999999
0.3607835555555556
0.4742717419354839
0.5146723999999999
0.4379585263157894
0.2357365625
0.34279551282051285
0.2357365625
0.34279551282051285
0.2956046363636364
0.2833019259259259
0.39338566666666663
0.26361465217391306
0.39338566666666663
0.26361465217391306
0.40984935802469136
0.28217600000000004
0.3233781111111111
0.41617303896103897
0.638831
0.41617303896103897
0.638831
0.42407444827586205
0.3440577450980392
0.9530955811965811
0.4701262222222222
0.2653272608695652
0.4701262222222222
0.2653272608695652
0.2936249722222222
0.25908692307692305
0.41051205263157897
0.25908692307692305
0.41051205263157897
0.39941934782608696
0.3298314705882353
0.39941934782608696
0.3298314705882353
0.29856602
0.4690996829268293
0.36925072
0.26230655
0.24730905555555557
0.31108273684210525
0.301414
0.54279828
0.5482590833333333
0.54279828
0.5482590833333333
0.4724641875
0.3940432105263158
0.3648203088235294
0.40555426530612243
0.31049508
0.40555426530612243
0.31049508
0.5773433246753247
0.529227525
0.4386707254901961
0.5773433246753247
0.529227525
0.4386707254901961
0.5773433246753247
0.529227525
0.4386707254901961
0.38180292982456143
0.22807866666666668
0.39894496363636367
0.41070464999999995
0.39894496363636367
0.41070464999999995
0.3824338
0.4250014666666667
0.28315587999999997
0.428479
0.48228672727272726
0.42595114285714286
0.428479
0.48228672727272726
0.42595114285714286
0.428479
0.48228672727272726
0.42595114285714286
0.4154663157894737
0.3598308947368421
0.41910882
0.35808067391304343
0.4154663157894737
0.3598308947368421
0.41910882
0.35808067391304343
0.4154663157894737
0.3598308947368421
0.41910882
0.35808067391304343
0.4154663157894737
0.3598308947368421
0.41910882
0.35808067391304343
0.34426160869565214
0.27131700000000003
0.33705251515151513
0.40476796774193546
0.4844736470588235
0.33705251515151513
0.40476796774193546
0.4844736470588235
0.33705251515151513
0.40476796774193546
0.4844736470588235
0.9666391971830985
0.2876452666666667
0.40451746067415734
0.4181869655172413
0.3934425384615385
0.34276391304347825
0.395817875
0.31084496296296293
0.29125209375
0.2467257142857143
0.39692973333333337
0.304628037735849
0.224833511627907
0.3928826923076923
0.40456827500000003
0.224833511627907
0.3928826923076923
0.40456827500000003
0.224833511627907
0.3928826923076923
0.40456827500000003
0.37948588
0.5625462916666667
0.23618653846153842
0.4225528125
0.3046524736842105
0.43168954545454546
0.3352015
0.43168954545454546
0.3352015
0.579100875
0.4297951186440678
0.3452904
0.29399162962962966
0.3452904
0.29399162962962966
0.6126818651685393
0.31061348387096777
0.24100839583333333
0.5193597857142856
0.38726657692307687
0.5193597857142856
0.38726657692307687
0.28009252631578946
0.3972323043478261
0.2795181666666667
0.3972323043478261
0.2795181666666667
0.2893952745098039
0.2973971052631579
0.3348514909090909
0.33584966666666666
0.40343661904761907
0.28176564705882357
0.22089213636363636
0.283580275
0.2870196086956522
0.283580275
0.2870196086956522
0.5431321219512195
0.4308826666666667
0.3557687777777778
0.46970105882352936
0.3507559696969697
0.490131375
0.29415633333333335
0.490131375
0.29415633333333335
0.3750207948717949
0.5160963913043478
0.6340443703703704
0.5303081063829788
0.6340443703703704
0.5303081063829788
0.30891694736842107
0.4448862807017544
0.223128
0.3179843125
0.4292511379310345
0.3179843125
0.4292511379310345
0.2165102
0.3789267222222222
0.3940327272727273
0.2165102
0.3789267222222222
0.3940327272727273
0.2165102
0.3789267222222222
0.3940327272727273
0.41711104054054055
0.2978189565217391
0.41711104054054055
0.2978189565217391
0.28303353571428574
0.3527569090909091
0.28303353571428574
0.3527569090909091
0.35516523529411764
0.26968015
0.3772613548387097
0.42920746551724137
0.3772613548387097
0.42920746551724137
0.2592002692307692
0.39960863636363636
0.7866587168674699
0.2687199142857143
0.21072398387096775
0.2756493043478261
0.9641999541284404
0.3355546
0.49739737500000003
0.301929575221239
0.2901748181818182
0.4409337391304348
0.2901748181818182
0.4409337391304348
0.3150835483870968
0.2829250555555556
0.36264286363636367
0.37860406896551724
0.324295
0.37860406896551724
0.324295
0.48645025
0.4441456363636363
0.3032603157894737
0.48645025
0.4441456363636363
0.3032603157894737
0.48645025
0.4441456363636363
0.3032603157894737
0.26010511999999997
0.2804507142857143
0.26010511999999997
0.2804507142857143
0.37090133333333336
0.42963523188405794
0.36549253125
0.3701768148148148
0.48312874603174605
0.36549253125
0.3701768148148148
0.48312874603174605
0.36549253125
0.3701768148148148
0.48312874603174605
0.3743004761904762
0.27744877777777777
0.3574218518518518
0.27560675
0.4539581304347826
0.2939313947368421
0.24564894736842105
0.24904483783783782
0.33201946875
0.38872507999999995
0.36879296296296293
0.38872507999999995
0.36879296296296293
0.26763315000000004
0.30054868
0.5071719538461539
0.331648025
0.39301481818181816
0.27712255555555554
0.3373709
0.4699655647058824
0.4274931739130435
0.5395622894736842
0.4274931739130435
0.5395622894736842
0.258638625
0.3567028076923077
0.4600271724137931
0.5223655357142857
0.4600271724137931
0.5223655357142857
0.41270045945945943
0.28132016666666665
0.284405625
0.31591808695652174
0.39596259016393437
0.33482283333333335
0.4413139642857143
0.33482283333333335
0.4413139642857143
0.39883185454545456
0.3826569722222222
0.39883185454545456
0.3826569722222222
0.3731622857142857
0.3925040294117647
0.3466953625
0.2837211935483871
0.4898994788732394
0.6758569565217392
0.4898994788732394
0.6758569565217392
0.31110366666666667
0.40919357500000003
0.33815135
0.24680329411764704
0.31151663636363636
0.36493284615384614
0.2748848163265306
0.2887361666666666
0.30279325
0.32324970370370365
0.2748848163265306
0.2887361666666666
0.30279325
0.32324970370370365
0.2748848163265306
0.2887361666666666
0.30279325
0.32324970370370365
0.2748848163265306
0.2887361666666666
0.30279325
0.32324970370370365
0.26548408
0.32584526086956517
0.26548408
0.32584526086956517
0.4482756779661017
0.26644404285714285
0.3232414782608696
0.30941003030303027
0.3232414782608696
0.30941003030303027
0.30807568965517246
0.2857822105263158
0.44442728571428575
0.26249875
0.5613165151515151
0.3445939285714286
0.5613165151515151
0.3445939285714286
0.2722736388888889
0.3284314285714286
0.3139098
0.2722880625
0.4194650476190476
0.4177989285714286
0.42639719512195123
0.2745384444444444
0.3210948846153846
0.42639719512195123
0.2745384444444444
0.3210948846153846
0.42639719512195123
0.2745384444444444
0.3210948846153846
0.3347631304347826
0.369926947368421
0.27335175
0.4601433157894737
0.32825780000000004
0.39492315789473686
0.2892917619047619
0.3463368076923077
0.2533213939393939
0.3573591515151515
0.42018635555555556
0.353807652173913
0.27348252777777776
0.23150993749999998
0.304844
0.3833510294117647
0.4735894909090909
0.23150993749999998
0.304844
0.3833510294117647
0.4735894909090909
0.23150993749999998
0.304844
0.3833510294117647
0.4735894909090909
0.23150993749999998
0.304844
0.3833510294117647
0.4735894909090909
0.27111230555555554
0.3784249259259259
0.3843210909090909
0.4920439807692307
0.47989064705882356
0.3784249259259259
0.3843210909090909
0.4920439807692307
0.47989064705882356
0.3784249259259259
0.3843210909090909
0.4920439807692307
0.47989064705882356
0.3784249259259259
0.3843210909090909
0.4920439807692307
0.47989064705882356
0.2663882666666667
0.2766675238095238
0.3104847391304348
0.27515791304347825
0.3104847391304348
0.27515791304347825
0.23232893023255813
0.35200335714285713
0.25300340909090907
0.277188
0.35516523529411764
0.4320840416666667
0.2761480322580645
0.4320840416666667
0.2761480322580645
0.396274921875
0.315663875
0.23257152173913043
0.36343985714285715
0.3054880625
0.23257152173913043
0.36343985714285715
0.3054880625
0.23257152173913043
0.36343985714285715
0.3054880625
0.2704209523809524
0.34167257142857144
0.39016055555555557
0.3057580677966102
0.4959145
0.27606570588235296
0.4959145
0.27606570588235296
0.3920966
0.26516435
0.23362390566037736
0.27157047826086955
0.4555484197530864
0.2837951111111111
0.5032153855421687
0.2737500588235294
0.3850330476190476
0.5553471604938272
0.39941103571428577
0.5553471604938272
0.39941103571428577
0.3099868
0.288121875
0.3099868
0.288121875
0.23776529824561402
0.33523795
0.23776529824561402
0.33523795
0.4607388214285714
0.34252704166666664
0.3685957
0.4479871333333334
0.34252704166666664
0.3685957
0.4479871333333334
0.34252704166666664
0.3685957
0.4479871333333334
0.41725703333333336
0.29467338888888883
0.41725703333333336
0.29467338888888883
0.3454773529411765
0.35801516981132075
0.27414265000000004
0.24401004651162791
0.4240925
0.27831866666666666
0.29845924
0.3845607058823529
0.27831866666666666
0.29845924
0.3845607058823529
0.27831866666666666
0.29845924
0.3845607058823529
0.828532175925926
0.36069959999999995
0.2643628571428571
0.338685923076923
0.41509756000000003
0.3554590384615385
0.3718122916666667
0.24351372
0.3120828275862069
0.48995900806451614
0.2688205
0.28627680769230773
0.2688205
0.28627680769230773
0.3728488260869565
0.38100310909090906
0.2811094
0.2921241632653061
0.3848256888888889
0.3311861090909091
0.31479346428571425
0.2363598888888889
0.9673706324786325
0.448756475
0.42363835714285714
0.33488
0.2755854074074074
0.26430906896551726
0.2553925238095238
0.38347133333333333
0.25359899999999996
0.3152219375
0.4204317222222222
0.424210125
0.24739765
0.41303355
0.31631445454545454
0.42613021052631583
0.4547378771929824
0.27540608333333333
0.32157926086956523
0.3486322222222222
0.3006720681818182
0.3307269375
0.33263427027027026
0.3438104146341463
0.3006720681818182
0.3307269375
0.33263427027027026
0.3438104146341463
0.3006720681818182
0.3307269375
0.33263427027027026
0.3438104146341463
0.3006720681818182
0.3307269375
0.33263427027027026
0.3438104146341463
0.30929765
0.4404386119402985
0.5643234615384615
0.4404386119402985
0.5643234615384615
0.3098932714285714
0.2516327619047619
0.37332460869565215
0.2822773
0.8003649833333333
0.30119225
0.371854492063492
0.35430616666666664
0.371854492063492
0.35430616666666664
0.25704245945945947
0.4791782272727273
0.3539173
0.4791782272727273
0.3539173
0.41841127777777776
0.37687296153846156
0.2739901860465116
0.4080854411764706
0.4628114
0.44583726829268294
0.497456875
0.44583726829268294
0.497456875
0.22471168181818182
0.29993741964285714
0.33428517647058825
0.3563657333333333
0.3924408928571429
0.2704059166666667
0.32568353846153847
0.28293804166666664
0.28419252173913045
0.3966485454545454
0.45097388524590165
0.4221817222222222
0.3703693684210526
0.4221817222222222
0.3703693684210526
0.32320625806451614
0.2737620434782609
0.36722286666666665
0.44075875409836063
0.793368969387755
0.48051789999999994
0.3827457222222222
0.3314965909090909
0.24955090476190475
0.2751074
0.3753851666666667
0.37126447368421056
0.3753851666666667
0.37126447368421056
0.38939776923076924
0.3256943333333333
0.44645131818181816
0.4655678888888889
0.44645131818181816
0.4655678888888889
0.32448466666666664
0.23647580952380953
0.32448466666666664
0.23647580952380953
0.46213970454545455
0.37841618518518516
0.41423244444444446
0.32545159999999995
0.37841618518518516
0.41423244444444446
0.32545159999999995
0.37841618518518516
0.41423244444444446
0.32545159999999995
0.430551743902439
0.3651414545454545
0.440485037037037
0.38979508695652176
0.3477854285714286
0.42366825
0.2496923846153846
0.3083740227272727
0.2496923846153846
0.3083740227272727
0.380159
0.392651
0.37752763492063496
0.8584436043956044
0.4901407142857143
0.3341935
0.47565135593220337
0.28830665217391305
0.2830752173913043
0.48928037777777783
0.4671575416666667
0.23475788235294118
0.2605548723404255
0.23475788235294118
0.2605548723404255
0.3025343333333333
0.2562286129032258
0.22043216666666665
0.2562286129032258
0.22043216666666665
0.33863925
0.27321554545454546
0.2703499444444445
0.3534247627118644
0.3641189130434782
0.30377149999999997
0.27111230555555554
0.233021
0.27167738888888887
0.5841336382978723
0.23142709523809527
0.27090532142857143
0.331265875
0.23142709523809527
0.27090532142857143
0.331265875
0.23142709523809527
0.27090532142857143
0.331265875
0.31701604
0.48728
0.30248
0.22653390322580644
0.45162763366336633
0.36745823684210527
0.33654340625
0.3658487142857143
0.33654340625
0.3658487142857143
0.31560456521739133
0.47812843478260875
0.356467696969697
0.47812843478260875
0.356467696969697
0.2817334
0.246694
0.3807339130434782
0.3357859318181818
0.3070672962962963
0.4832662777777778
0.44346346341463416
0.3995393
0.3537478181818182
0.3995393
0.3537478181818182
0.3426146
0.438657375
0.49825635227272724
0.21448481818181817
0.3054785689655172
0.3447036888888889
0.25694355555555554
0.32967652100840333
0.3343503913043478
0.35202025000000003
0.48820265
0.3553990294117647
0.3288564761904762
0.5308599230769231
0.2296297
0.26212024324324323
0.29375993939393935
0.27261993333333334
0.29375993939393935
0.27261993333333334
0.2981505555555556
0.22671804999999998
0.45521744117647056
0.2677617
0.4912611470588235
0.3360136458333333
0.31362876923076927
0.3360136458333333
0.31362876923076927
0.4056048695652174
0.9058780833333332
0.2565351
0.41646007216494846
0.31768921739130435
0.2510118
0.34328913333333333
0.2510118
0.34328913333333333
0.33429358181818186
0.4003632222222222
0.33429358181818186
0.4003632222222222
0.4401891739130435
0.38883549999999995
0.4050372666666667
0.38883549999999995
0.4050372666666667
0.3342488
0.2850393125
0.4900314
0.25888337931034483
0.2502604827586207
0.27636659999999996
0.2507462
0.38550900000000005
0.2607292
0.2769279473684211
0.5018024827586207
0.3588723043478261
0.27497326470588235
0.44924031818181814
0.4378024285714286
0.44924031818181814
0.4378024285714286
0.32308428125
0.39438138095238096
0.3273565
0.39868739999999997
0.2777286
0.3273565
0.39868739999999997
0.2777286
0.3273565
0.39868739999999997
0.2777286
0.3196932222222222
0.3906460952380953
0.24315332142857143
0.3196932222222222
0.3906460952380953
0.24315332142857143
0.3196932222222222
0.3906460952380953
0.24315332142857143
0.28481528125
0.5338404545454545
0.344651527027027
0.2999565342465753
0.344651527027027
0.2999565342465753
0.27254697222222224
0.2724688333333333
0.37667809523809526
0.46308237500000005
0.38842369565217394
0.37010369565217394
0.38842369565217394
0.37010369565217394
0.346019125
0.27702839999999995
0.2672961
0.3472894736842105
0.33341187499999997
0.3472894736842105
0.33341187499999997
0.4120362195121951
0.4261437868852459
0.3893976666666667
0.7970934886363636
0.3064444761904762
0.28770929629629627
0.3064444761904762
0.28770929629629627
0.42393247826086955
0.2902841904761905
0.294086375
0.2922507105263158
0.2524722105263158
0.33394511538461535
0.31938
0.322822
0.26107644
0.3851775294117647
0.26107644
0.3851775294117647
0.34248076595744675
0.25996433333333335
0.34248076595744675
0.25996433333333335
0.40438965
0.22126939999999998
0.40438965
0.22126939999999998
0.33894140425531916
0.6161770000000001
0.33894140425531916
0.6161770000000001
0.3840694285714286
0.39406491304347824
0.3840694285714286
0.39406491304347824
0.40687840000000003
0.3948764027777778
0.40687840000000003
0.3948764027777778
0.22261383333333332
0.30129457692307693
0.2933461304347826
0.31084786363636363
0.3655045161290323
0.49998344067796613
0.40598141025641027
0.2578696071428571
0.2678989230769231
0.2578696071428571
0.2678989230769231
0.3932210701754386
0.46153014634146344
0.4864065625
0.46153014634146344
0.4864065625
0.24840152
0.2326980476190476
0.307807375
0.3322625714285714
0.3809758295454545
0.4402999846153846
0.38192590217391303
0.3809758295454545
0.4402999846153846
0.38192590217391303
0.3809758295454545
0.4402999846153846
0.38192590217391303
0.25173775
0.3052912
0.25173775
0.3052912
0.2880533043478261
0.35106753333333335
0.3659374418604651
0.2880533043478261
0.35106753333333335
0.3659374418604651
0.2880533043478261
0.35106753333333335
0.3659374418604651
0.36630294915254236
0.3791043714285714
0.36630294915254236
0.3791043714285714
0.54284048
0.45761988888888894
0.54284048
0.45761988888888894
0.39776795833333334
0.35050220454545455
0.39776795833333334
0.35050220454545455
0.388924
0.28929359259259263
0.3115950882352941
0.6323756440677967
0.3115950882352941
0.6323756440677967
0.7312455625
0.35068676000000004
0.34370058536585363
0.26284466666666667
0.4276936896551724
0.24825286363636365
0.3627028333333333
0.24825286363636365
0.3627028333333333
0.27657197777777776
0.3272215263157895
0.26930499999999996
0.34344967123287673
0.3425041475409836
0.26746839999999994
0.4431002083333333
0.42934218
0.2717783888888889
0.3455768571428572
0.31704934782608696
0.3455768571428572
0.31704934782608696
0.38864796153846154
0.8829642598425197
0.35266584
0.36634608888888887
0.32544564000000004
0.45938821052631584
0.5116066875
0.45938821052631584
0.5116066875
0.29560765217391305
0.38402942307692306
0.28070680000000003
0.4093919545454545
0.3054376875
0.3832683
0.37141875
0.259623625
0.3438575333333333
0.27908887499999996
0.435251
0.2899273888888889
0.3938974375
0.3866984642857143
0.28318314814814816
0.33236203896103894
0.24927920689655172
0.2718086666666667
0.33236203896103894
0.24927920689655172
0.2718086666666667
0.33236203896103894
0.24927920689655172
0.2718086666666667
0.26274346153846156
0.26216552777777774
0.27923554166666664
0.4515833902439024
0.37237675675675674
0.33384319999999995
0.4515833902439024
0.37237675675675674
0.33384319999999995
0.4515833902439024
0.37237675675675674
0.33384319999999995
0.2590907037037037
0.25368870967741936
0.2590907037037037
0.25368870967741936
0.45791000000000004
0.398052652173913
0.46699393333333333
0.398052652173913
0.46699393333333333
0.3686333947368421
0.44457034999999995
0.3686333947368421
0.44457034999999995
0.45677677272727274
0.48684411111111114
0.45677677272727274
0.48684411111111114
0.4622427258064516
0.4657390869565218
0.4622427258064516
0.4657390869565218
0.26510578260869566
0.26733425
0.25913629411764705
0.5484517368421052
0.375774273381295
0.39160544
0.27666634782608696
0.2770062469135802
0.27666634782608696
0.2770062469135802
0.28158733333333336
0.30739405
0.3915896
0.30739405
0.3915896
0.3704071851851852
0.326560125
0.3722613
0.326560125
0.3722613
0.31479283333333336
0.3116151818181818
0.2798175769230769
0.31479283333333336
0.3116151818181818
0.2798175769230769
0.31479283333333336
0.3116151818181818
0.2798175769230769
0.3328690952380952
0.37681138028169014
0.36374208333333335
0.2594115
0.260125914893617
0.28541002083333333
0.2999664166666667
0.339075375
0.31398655
0.2594115
0.260125914893617
0.28541002083333333
0.2999664166666667
0.339075375
0.31398655
0.2594115
0.260125914893617
0.28541002083333333
0.2999664166666667
0.339075375
0.31398655
0.2594115
0.260125914893617
0.28541002083333333
0.2999664166666667
0.339075375
0.31398655
0.2594115
0.260125914893617
0.28541002083333333
0.2999664166666667
0.339075375
0.31398655
0.2594115
0.260125914893617
0.28541002083333333
0.2999664166666667
0.339075375
0.31398655
0.3435770227272727
0.39012575
0.3435770227272727
0.39012575
0.25383357692307695
0.24854109375
0.25383357692307695
0.24854109375
0.3133978965517242
0.28530063157894736
0.3133978965517242
0.28530063157894736
0.302875816091954
0.39057515151515154
0.45531629411764707
0.3860842142857143
0.39057515151515154
0.45531629411764707
0.3860842142857143
0.39057515151515154
0.45531629411764707
0.3860842142857143
0.27817557142857147
0.25636246875
0.46106287096774196
0.3993515365853658
0.3464301132075472
0.2863198421052632
0.49873994999999993
0.31568573913043474
0.30164142857142856
0.45739539999999995
0.2838587727272727
0.3599802686567164
0.2838587727272727
0.3599802686567164
0.38156527586206895
0.31684105
0.3841107192982456
0.25712433333333334
0.31566628
0.21510908695652176
0.3027164736842105
0.21510908695652176
0.3027164736842105
0.2904574444444445
0.3306833142857143
0.26996290476190477
0.2993091764705882
0.36009854838709676
0.413904
0.3689690731707317
0.413904
0.3689690731707317
0.35686332352941175
0.3766800327868853
0.43026831818181815
0.3414793333333333
0.43026831818181815
0.3414793333333333
0.33636521052631574
0.27768672222222224
0.33334482352941175
0.42084357017543855
0.3577406896551724
0.43192596428571434
0.543395
0.43192596428571434
0.543395
0.5565067272727272
0.2824261904761905
0.5565067272727272
0.2824261904761905
0.37944925
0.3733648717948718
0.29463581818181817
0.26768325
0.28712069999999995
0.28391711904761907
0.2207373125
0.28391711904761907
0.2207373125
0.7985982307692308
0.30768684
0.35372532142857144
0.30768684
0.35372532142857144
0.42204096875
0.286165
0.5541756031746032
0.3382057727272727
0.37849507692307693
0.3382057727272727
0.37849507692307693
0.3800302962962963
0.3307857692307692
0.393002947368421
0.5043159433962264
0.393002947368421
0.5043159433962264
0.33923452173913043
0.35818412903225805
0.491119358974359
0.35818412903225805
0.491119358974359
0.2659992608695652
0.282519
0.3722519642857143
0.3428040579710145
0.3227705882352941
0.3428040579710145
0.3227705882352941
0.33006270833333334
0.29960006666666666
0.2486455294117647
0.31927985
0.26800030158730154
0.261737027027027
0.2486455294117647
0.31927985
0.26800030158730154
0.261737027027027
0.2486455294117647
0.31927985
0.26800030158730154
0.261737027027027
0.2486455294117647
0.31927985
0.26800030158730154
0.261737027027027
0.40489175
0.36687308163265303
0.3437359545454546
0.36687308163265303
0.3437359545454546
0.2683843888888889
0.38104575
0.25736654838709677
0.4514821428571429
0.3199385476190476
0.4514821428571429
0.3199385476190476
0.36893509090909093
0.28891414285714284
0.38884743697478996
0.32124331818181817
0.4570726666666666
0.43112531578947366
0.48771293023255813
0.43112531578947366
0.48771293023255813
0.446185296875
0.5573558888888889
0.446185296875
0.5573558888888889
0.2695846470588235
0.3245779193548387
0.40114630612244895
0.2228283
0.2417341904761905
0.756076485549133
0.3898787222222222
0.2674924626865671
0.3476919076923077
0.3170671052631579
0.3476919076923077
0.3170671052631579
0.3308039090909091
0.31471662
0.31017704761904763
0.43404829411764706
0.3692783809523809
0.30120523529411763
0.3692783809523809
0.30120523529411763
0.26922850000000004
0.32359306666666665
0.4005449285714286
0.2897872608695652
0.5163741304347826
0.47825722727272724
0.33710162222222223
0.3658125263157895
0.28035286363636364
0.26770316666666666
0.31749945
0.4149621449275362
0.3364002
0.31969585714285714
0.41760239130434784
0.4808878571428571
0.30171748
0.5739706111111111
0.5388222391304348
0.5739706111111111
0.5388222391304348
0.3549339310344828
0.3146736428571429
0.4816180666666667
0.22784697999999998
0.3032606086956522
0.33334278260869565
0.2827015
0.3773195957446808
0.3225744615384616
0.32287119999999997
0.3343862
0.40620736842105265
0.3838200168067227
0.4224906590909091
0.2727340714285714
0.38281715
0.3080495357142857
0.6241246206896551
0.3247215625
0.3831192173913044
0.274715
0.32138449999999996
0.274715
0.32138449999999996
0.24059784
0.37034016000000003
0.27494539130434786
0.41648945
0.287614972972973
0.3228790714285714
0.28075258823529414
0.2994367777777778
0.34852746153846154
0.32885438095238095
0.3489386666666667
0.2579457352941177
0.32885438095238095
0.3489386666666667
0.2579457352941177
0.32885438095238095
0.3489386666666667
0.2579457352941177
0.40229844444444446
0.32035905263157893
0.9538240683760684
0.5319539230769231
0.3184548
0.505652
0.2651849
0.34001523376623377
0.4451043770491803
0.4097693225806452
0.3457731818181818
0.4097693225806452
0.3457731818181818
0.3336518
0.28324839999999996
0.296002205882353
0.42553460344827587
0.296002205882353
0.42553460344827587
0.34332668965517243
0.4375319473684211
0.34332668965517243
0.4375319473684211
0.34172624
0.23569345
0.26844959999999995
0.3966381739130435
0.26844959999999995
0.3966381739130435
0.3110532272727273
0.42557935714285716
0.38165215625
0.3110532272727273
0.42557935714285716
0.38165215625
0.3110532272727273
0.42557935714285716
0.38165215625
0.4226332621359223
0.2803844615384615
0.41628856521739127
0.3637996521739131
0.29749940625
0.4352457826086956
0.3608363225806452
0.40981891489361705
0.4968951206896552
0.40981891489361705
0.4968951206896552
0.2842694347826087
0.41003988888888887
0.32428265217391306
0.3508261481481481
0.43944027999999996
0.3508261481481481
0.43944027999999996
0.3743367083333333
0.5068059295774648
0.3743367083333333
0.5068059295774648
0.2978177222222222
0.353057
0.33821466666666666
0.33334482352941175
0.36921721739130436
0.32102265384615386
0.4232491666666667
0.43680663380281687
0.281453
0.39938458823529416
0.34660664705882355
0.39097408695652175
0.34660664705882355
0.39097408695652175
0.3618053968253968
0.33352621739130434
0.3407302909090909
0.32327300000000003
0.3631912222222222
0.4925934819277108
0.40439816666666667
0.3631912222222222
0.4925934819277108
0.40439816666666667
0.3631912222222222
0.4925934819277108
0.40439816666666667
0.35973628571428573
0.34447815909090906
0.2580137826086957
0.2549915909090909
0.2580137826086957
0.2549915909090909
0.39156549999999996
0.42218123913043476
0.4309856
0.2715741818181818
0.42218123913043476
0.4309856
0.2715741818181818
0.42218123913043476
0.4309856
0.2715741818181818
0.27626235779816516
0.26772843478260866
0.38514031249999997
0.26772843478260866
0.38514031249999997
0.30968188888888887
0.3592058823529412
0.3319335652173913
0.3592058823529412
0.3319335652173913
0.39633744
0.4576127692307692
0.4738285166666667
0.3181358095238095
0.4738285166666667
0.3181358095238095
0.46191337777777774
0.38963979069767446
0.46191337777777774
0.38963979069767446
0.48475938888888886
0.479837
0.4966683461538462
0.29718387500000004
0.29106870588235295
0.29718387500000004
0.29106870588235295
0.40788205263157895
0.3184820392156863
0.3395270222222222
0.35031043902439024
0.3184820392156863
0.3395270222222222
0.35031043902439024
0.3184820392156863
0.3395270222222222
0.35031043902439024
0.3051566666666667
0.977199380952381
0.43240923076923077
0.4255334561403508
0.43240923076923077
0.4255334561403508
0.3519067619047619
0.605890129032258
0.42246751162790697
0.605890129032258
0.42246751162790697
0.43740106818181823
0.34791955172413797
0.3208111212121212
0.26758878723404256
0.3051588571428571
0.27228271739130433
0.2714539677419355
0.2882051290322581
0.26758878723404256
0.3051588571428571
0.27228271739130433
0.2714539677419355
0.2882051290322581
0.26758878723404256
0.3051588571428571
0.27228271739130433
0.2714539677419355
0.2882051290322581
0.26758878723404256
0.3051588571428571
0.27228271739130433
0.2714539677419355
0.2882051290322581
0.26758878723404256
0.3051588571428571
0.27228271739130433
0.2714539677419355
0.2882051290322581
0.4963907666666667
0.4541478
0.4963907666666667
0.4541478
0.28699882608695654
0.2965521333333333
0.32040836
0.45839227272727273
0.2756284736842105
0.24480320588235294
0.29363826923076924
0.4049513611111111
0.359457
0.29712492592592593
0.359457
0.29712492592592593
0.2528433529411765
0.340191962962963
0.2528433529411765
0.340191962962963
0.45576084615384616
0.3237608913043478
0.22612660526315786
0.25286433333333336
0.3237608913043478
0.22612660526315786
0.25286433333333336
0.3237608913043478
0.22612660526315786
0.25286433333333336
0.37366878448275864
0.37799705263157896
0.43571590625
0.47571114999999997
0.43571590625
0.47571114999999997
0.41415450000000004
0.35169361904761903
0.41415450000000004
0.35169361904761903
0.3527178421052632
0.2873885185185185
0.40424399999999994
0.22970003174603174
0.34145518750000003
0.22970003174603174
0.34145518750000003
0.32034084999999995
0.31798877777777773
0.3920744375
0.3959554347826087
0.27131700000000003
0.22126426315789474
0.33872658333333333
0.28877574193548383
0.36654150602409635
0.3625651785714286
0.28102391304347824
0.23170744827586207
0.28102391304347824
0.23170744827586207
0.30218105
0.28626407142857146
0.3042208823529412
0.28626407142857146
0.3042208823529412
0.2838136956521739
0.2977318636363636
0.2838136956521739
0.2977318636363636
0.4204490769230769
0.2831143255813954
0.4204490769230769
0.2831143255813954
0.2626526470588235
0.2735328
0.32754
0.22822142857142858
0.26689173684210526
0.4724098695652174
0.3468017954545454
0.29375894117647056
0.281133125
0.23948697647058825
0.29375894117647056
0.281133125
0.23948697647058825
0.29375894117647056
0.281133125
0.23948697647058825
0.32509846666666664
0.3507560434782609
0.39179469565217395
0.33805971999999995
0.3847406666666666
0.37688889130434783
0.301867
0.30647349275362323
0.41363919354838713
0.432158
0.30967283333333334
0.35468472
0.2723173103448276
0.260749375
0.22940724242424243
0.36921676363636363
0.3135744705882353
0.3001246111111111
0.3459992916666667
0.2291993333333333
0.7881490833333333
0.26746837931034484
0.26414326315789477
0.41554414754098357
0.45366147619047614
0.3313736956521739
0.30980022222222225
0.22415879999999996
0.2352003823529412
0.3050685384615385
0.4802879285714286
0.2770125609756097
0.2855803653846154
0.32865101960784315
0.3303386571428571
0.3301061395348837
0.27714778260869566
0.3301061395348837
0.27714778260869566
0.34561771999999996
0.3921332058823529
0.40372790476190473
0.34561771999999996
0.3921332058823529
0.40372790476190473
0.34561771999999996
0.3921332058823529
0.40372790476190473
0.37498754545454543
0.3002949387755102
0.23631193749999999
0.3002949387755102
0.23631193749999999
0.2708372380952381
0.4201641489361702
0.41603664705882354
0.2614059130434782
0.28985148936170213
0.38394748275862073
0.2623191304347826
0.23584766666666665
0.38394748275862073
0.2623191304347826
0.23584766666666665
0.38394748275862073
0.2623191304347826
0.23584766666666665
0.27479433333333336
0.4972117241379311
0.3283829090909091
0.2723699523809524
0.2717783888888889
0.4085436451612903
0.29945227272727276
0.4085436451612903
0.29945227272727276
0.30164089473684214
0.29220179166666665
0.9536642477064221
0.2925356956521739
0.29749817647058824
0.42565808333333327
0.2558874081632653
0.3093413125
0.3969525428571429
0.4581899565217391
0.28859908
0.3969525428571429
0.4581899565217391
0.28859908
0.3969525428571429
0.4581899565217391
0.28859908
0.3895693333333333
0.285248275
0.28607806896551724
0.3181812222222222
0.285248275
0.28607806896551724
0.3181812222222222
0.285248275
0.28607806896551724
0.3181812222222222
0.3434876329113924
0.33444786363636364
0.23819655555555552
0.2652426428571429
0.3434876329113924
0.33444786363636364
0.23819655555555552
0.2652426428571429
0.3434876329113924
0.33444786363636364
0.23819655555555552
0.2652426428571429
0.3434876329113924
0.33444786363636364
0.23819655555555552
0.2652426428571429
0.37542657142857144
0.3732304871794872
0.33040272222222217
0.26501005
0.4575179764705882
0.4435256097560976
0.38119929166666666
0.4708800833333333
0.42977415384615386
0.38119929166666666
0.4708800833333333
0.42977415384615386
0.38119929166666666
0.4708800833333333
0.42977415384615386
0.2885605
0.34913062962962965
0.308708
0.2753411951219512
0.27135725
0.3219616956521739
0.4225824117647059
0.32163065
0.45230820833333335
0.2989405
0.3795760298507463
0.2989405
0.3795760298507463
0.4316188695652174
0.3900835147058824
0.45831587878787877
0.3900835147058824
0.45831587878787877
0.28276925490196075
0.3037016842105263
0.35081093333333335
0.34125496666666666
0.3025145476190476
0.9457981428571429
0.35435939285714285
0.3146951176470588
0.2614613333333333
0.2502884583333333
0.2614613333333333
0.2502884583333333
0.287228
0.24462353061224487
0.4553059375
0.2523566666666667
0.33581500000000003
0.3020259047619048
0.35534905
0.5168859444444445
0.2938880952380953
0.2938304375
0.6750030576923076
0.47647416901408457
0.6750030576923076
0.47647416901408457
0.33276490000000003
0.36768666666666666
0.3723661290322581
0.36768666666666666
0.3723661290322581
0.3409743
0.26139784615384615
0.4378084366197183
0.26139784615384615
0.4378084366197183
0.43573280952380955
0.4488342093023256
0.43573280952380955
0.4488342093023256
0.3461373275862069
0.3506621818181818
0.3461373275862069
0.3506621818181818
0.25266579591836735
0.22612227272727273
0.4606228732394367
0.3792697931034482
0.3271364666666666
0.31426245454545454
0.41215368085106385
0.22498948484848483
0.30101708695652174
0.3466075
0.30101708695652174
0.3466075
0.40220130769230766
0.5638581025641026
0.458127
0.5638581025641026
0.458127
0.2636558367346939
0.41355029850746267
0.44835355000000005
0.24517983333333332
0.35330127272727274
0.35790028
0.4490332941176471
0.6051727252747253
0.4490332941176471
0.6051727252747253
0.3892399230769231
0.30252562499999996
0.3827991875
0.32098627272727276
0.2920070555555555
0.3827991875
0.32098627272727276
0.2920070555555555
0.3827991875
0.32098627272727276
0.2920070555555555
0.2863305625
0.46901750000000003
0.31188665454545456
0.37365622222222217
0.34501734782608695
0.31188665454545456
0.37365622222222217
0.34501734782608695
0.31188665454545456
0.37365622222222217
0.34501734782608695
0.43708292857142855
0.4350898260869565
0.3196655666666667
0.4350898260869565
0.3196655666666667
0.262116224137931
0.28795075
0.26246556862745096
0.28795075
0.26246556862745096
0.364693641025641
0.30085415
0.364693641025641
0.30085415
0.2502604827586207
0.37675183333333334
0.3217975238095238
0.38547862499999996
0.3507787037037037
0.37675183333333334
0.3217975238095238
0.38547862499999996
0.3507787037037037
0.37675183333333334
0.3217975238095238
0.38547862499999996
0.3507787037037037
0.37675183333333334
0.3217975238095238
0.38547862499999996
0.3507787037037037
0.4515491290322581
0.4586014
0.6415268305084746
0.4515491290322581
0.4586014
0.6415268305084746
0.4515491290322581
0.4586014
0.6415268305084746
0.22904945454545453
0.28041141176470585
0.41892926923076923
0.4070645303030303
0.3653455681818182
0.4070645303030303
0.3653455681818182
0.2627059259259259
0.2819731176470588
0.2627059259259259
0.2819731176470588
0.2878193333333333
0.29758740909090914
0.37104514285714285
0.40791992
0.37104514285714285
0.40791992
0.4052848142857143
0.2889595882352941
0.2975269411764706
0.38774736065573767
0.42161946874999995
0.2975269411764706
0.38774736065573767
0.42161946874999995
0.2975269411764706
0.38774736065573767
0.42161946874999995
0.572585525
0.4689052
0.4197610666666666
0.4689052
0.4197610666666666
0.2565635
0.4155168108108108
0.27140328947368425
0.3659094375
0.36489496000000005
0.3659094375
0.36489496000000005
0.3900165
0.28662366666666667
0.3056626
0.220311
0.28315192857142857
0.2647845909090909
0.3232784117647059
0.30124515
0.42319075
0.30124515
0.42319075
0.3608416111111111
0.46079888235294114
0.3608416111111111
0.46079888235294114
0.28936422727272726
0.52221785
0.34804582352941177
0.49724576923076924
0.3368744
0.34567760869565217
0.3367575384615385
0.306201
0.3341374375
0.4359681724137931
0.3341374375
0.4359681724137931
0.24615583333333332
0.2657999583333333
0.31598326666666665
0.561950870967742
0.5440648800000001
0.561950870967742
0.5440648800000001
0.43976069444444443
0.3495674615384615
0.4347301076923077
0.4170166712328767
0.4347301076923077
0.4170166712328767
0.3319769545454545
0.7804478166666667
0.3119382272727273
0.35195252272727273
0.3119382272727273
0.35195252272727273
0.46181253488372087
0.47363327027027025
0.29758635294117647
0.3360250434782609
0.3997985238095238
0.3360250434782609
0.3997985238095238
0.32163816129032263
0.25698704347826085
0.40406545833333335
0.40996316666666666
0.5123552797202797
0.31293272
0.3888252903225806
0.33439972727272727
0.3888252903225806
0.33439972727272727
0.33353058823529413
0.4462876333333333
0.30337970833333333
0.33021599999999995
0.30337970833333333
0.33021599999999995
0.4515903333333333
0.3742389302325581
0.38006091489361704
0.3742389302325581
0.38006091489361704
0.26576519047619046
0.4971644857142857
0.48472444537815124
0.30309154838709673
0.48472444537815124
0.30309154838709673
0.31018560714285714
0.38737379166666663
0.43403059090909085
0.31018560714285714
0.38737379166666663
0.43403059090909085
0.31018560714285714
0.38737379166666663
0.43403059090909085
0.38064635714285716
0.3218958965517241
0.3214616538461538
0.3022026296296296
0.295168
0.386541875
0.35673673076923074
0.276690375
0.3503493692307692
0.3721396753246753
0.3503493692307692
0.3721396753246753
0.2764666
0.35467215277777775
0.5682668604651163
0.3280093666666667
0.36659112121212123
0.3280093666666667
0.36659112121212123
0.34247067532467534
0.35554819047619046
0.4269046279069767
0.3924578444444445
0.4976885066666667
0.5274456
0.4976885066666667
0.5274456
0.2791546923076923
0.25155947222222225
0.425184253968254
0.3281393111111111
0.425184253968254
0.3281393111111111
0.5337189999999999
0.4394670487804878
0.4595206956521739
0.34922788
0.4595206956521739
0.34922788
0.27195733333333333
0.42236796153846157
0.5218097214285714
0.463309186440678
0.28304912000000004
0.3233434857142857
0.5264566792452829
0.3093770434782609
0.2759091379310345
0.280163125
0.40151763265306123
0.2759091379310345
0.280163125
0.40151763265306123
0.2759091379310345
0.280163125
0.40151763265306123
0.8617442131147541
0.24881386111111115
0.3086050714285714
0.4141220434782609
0.3086050714285714
0.4141220434782609
0.29907388
0.3683092105263158
0.29907388
0.3683092105263158
0.2911739090909091
0.2681677272727273
0.2911739090909091
0.2681677272727273
0.27177444
0.34470673913043476
0.27177444
0.34470673913043476
0.3479524761904762
0.33424895412844036
0.3784117073170732
0.2748806857142857
0.288517619047619
0.42968211538461537
0.48794334782608695
0.42968211538461537
0.48794334782608695
0.218429875
0.283866619047619
0.218429875
0.283866619047619
0.26709957692307695
0.3644882
0.4742418117647058
0.4602026
0.4742418117647058
0.4602026
0.32408705
0.27706317647058826
0.32717794285714286
0.44350355882352943
0.5251509090909091
0.44350355882352943
0.5251509090909091
0.2900365172413793
0.32924668421052633
0.44970409677419354
0.29226205
0.27417246153846153
0.3981962307692308
0.31900357142857144
0.3468448157894737
0.32573809523809527
0.34819175
0.31900357142857144
0.3468448157894737
0.32573809523809527
0.34819175
0.31900357142857144
0.3468448157894737
0.32573809523809527
0.34819175
0.31900357142857144
0.3468448157894737
0.32573809523809527
0.34819175
0.4994467083333333
0.40252825000000003
0.48023848148148146
0.4409465818181818
0.40252825000000003
0.48023848148148146
0.4409465818181818
0.40252825000000003
0.48023848148148146
0.4409465818181818
0.3221129642857143
0.29745788679245283
0.56745592
0.32388114583333333
0.38780841666666666
0.255601
0.3270830243902439
0.3309127
0.255601
0.3270830243902439
0.3309127
0.255601
0.3270830243902439
0.3309127
0.5990950333333332
0.34603866666666666
0.5990950333333332
0.34603866666666666
0.2779146333333333
0.2975470588235294
0.2779146333333333
0.2975470588235294
0.25120275
0.2589018648648649
0.25120275
0.2589018648648649
0.5002016851851852
0.3359851111111111
0.44919163636363635
0.2960592
0.44919163636363635
0.2960592
0.3275979166666667
0.5191448214285714
0.43450615686274513
0.5191448214285714
0.43450615686274513
0.26218455172413796
0.3515181935483871
0.3589572888888889
0.3980914848484849
0.36442674193548386
0.36623468000000003
0.3810162105263158
0.28889600000000004
0.36914726666666664
0.29811
0.36914726666666664
0.29811
0.2687657647058823
0.30606804
0.2687657647058823
0.30606804
0.3173594375
0.3321152105263158
0.5880648947368422
0.9619310366972477
0.30327008695652174
0.32960617857142854
0.3188145882352941
0.36629508163265306
0.5738122954545455
0.43059595
0.5170804397163121
0.25603811111111113
0.33634482352941175
0.3057114814814815
0.33634482352941175
0.3057114814814815
0.3146202941176471
0.25668170588235295
0.39254805
0.2565543703703704
0.36141573684210526
0.2517628870967742
0.4364654285714285
0.33450526666666663
0.4364654285714285
0.33450526666666663
0.27167738888888887
0.41207242424242424
0.355836525
0.3118775217391304
0.4639803333333334
0.2991896875
0.4639803333333334
0.2991896875
0.31161377272727275
0.24550555
0.30525341666666667
0.24550555
0.30525341666666667
0.5045517333333334
0.4561362692307692
0.5045517333333334
0.4561362692307692
0.2925598148148148
0.3048376666666667
0.2925598148148148
0.3048376666666667
0.4708225479452055
0.24683382222222222
0.24689275757575757
0.4324319036144579
0.43506215942028986
0.38113105882352943
0.3704461
0.3020681818181818
0.32279634782608696
0.3020681818181818
0.32279634782608696
0.3571398
0.35369903773584904
0.2922127391304348
0.37600936363636367
0.3583951515151515
0.398222125
0.3885360487804878
0.398222125
0.3885360487804878
0.46351050000000005
0.29848960869565216
0.2563935652173913
0.3659941282051282
0.3418121346153846
0.3659941282051282
0.3418121346153846
0.26605018181818185
0.22926811111111112
0.2828858421052632
0.3309654761904762
0.55436906
0.38316324615384617
0.55436906
0.38316324615384617
0.3760022352941177
0.47604829310344826
0.45137307499999996
0.3869138181818182
0.2949098085106383
0.2727758888888889
0.3745691619047619
0.8447664833333334
0.32816164285714283
0.25112036
0.270893406779661
0.2784024878048781
0.47512528571428575
0.434238593220339
0.4356441999999999
0.4738921818181818
0.4356441999999999
0.4738921818181818
0.9423717746478872
0.23419852941176472
0.2740796666666666
0.27299568
0.3241654761904762
0.2580020714285714
0.23419852941176472
0.2740796666666666
0.27299568
0.3241654761904762
0.2580020714285714
0.23419852941176472
0.2740796666666666
0.27299568
0.3241654761904762
0.2580020714285714
0.23419852941176472
0.2740796666666666
0.27299568
0.3241654761904762
0.2580020714285714
0.23419852941176472
0.2740796666666666
0.27299568
0.3241654761904762
0.2580020714285714
0.28616682352941175
0.3655063488372093
0.40711764285714286
0.3655063488372093
0.40711764285714286
0.3757009436619718
0.41991823255813954
0.35456188235294117
0.3023371304347826
0.44979490476190476
0.5461722962962964
0.44979490476190476
0.5461722962962964
0.3009348
0.5060406875
0.44898973333333336
0.5060406875
0.44898973333333336
0.30152368
0.3099050882352941
0.25319435
0.35686332352941175
0.24646800000000002
0.5919890999999999
0.41483590909090906
0.4221950370370371
0.5919890999999999
0.41483590909090906
0.4221950370370371
0.5919890999999999
0.41483590909090906
0.4221950370370371
0.26343231818181817
0.2918296538461539
0.510730551724138
0.478002705882353
0.43550648484848486
0.30852984210526313
0.43677477551020405
0.38628425
0.35086918644067794
0.2645575769230769
0.43267589655172417
0.36244778260869565
0.3086461071428572
0.2924712857142857
0.2714955
0.2133960588235294
0.35570894736842107
0.2133960588235294
0.35570894736842107
0.43081934782608694
0.33906129411764707
0.24132755172413792
0.3725666296296296
0.3619750285714286
0.3725666296296296
0.3619750285714286
0.29654468181818183
0.25901464
0.964906
0.4478193461538461
0.36132559999999997
0.4478193461538461
0.36132559999999997
0.4095893225806452
0.24540096428571428
0.3574253243243243
0.3309977333333334
0.3574253243243243
0.3309977333333334
0.4406820476190476
0.2643044583333333
0.28394966666666666
0.3685995294117647
0.4093919545454545
0.4004338095238095
0.28429941176470586
0.4004338095238095
0.28429941176470586
0.4440103181818182
0.3969134814814815
0.29924595774647883
0.7748062166666667
0.3059854
0.37191050000000003
0.20112312903225804
0.20685715625
0.20112312903225804
0.20685715625
0.253659
0.2624526666666667
0.4237658484848485
0.47268340625
0.4237658484848485
0.47268340625
0.2925791578947368
0.2710593611111111
0.3278850227272727
0.24614985714285717
0.3775916129032258
0.6424386666666666
0.4136391052631579
0.30764311111111114
0.4136391052631579
0.30764311111111114
0.29423187500000003
0.26482328
0.33514464285714285
0.2643815
0.3164379565217391
0.3908796190476191
0.2753152093023256
0.3908796190476191
0.2753152093023256
0.4988685666666666
0.2848716065573771
0.4988685666666666
0.2848716065573771
0.3750570232558139
0.25618044444444443
0.47302316883116885
0.46473659375
0.47302316883116885
0.46473659375
0.40247075471698107
0.288538390625
0.3377636956521739
0.3502505238095238
0.27909634210526313
0.26603499999999997
0.2636303333333333
0.34439335294117646
0.454644
0.4094358125
0.34439335294117646
0.454644
0.4094358125
0.34439335294117646
0.454644
0.4094358125
0.26591739999999997
0.29962245
0.41074266666666664
0.29962245
0.41074266666666664
0.41944966666666667
0.5143303
0.28115467567567565
0.5143303
0.28115467567567565
0.322409625
0.2895450769230769
0.26264203448275864
0.28512777272727274
0.26264203448275864
0.28512777272727274
0.9549336170212767
0.27892942857142855
0.23152119444444447
0.27614916
0.3154474
0.3167564038461539
0.33487673913043475
0.4243153902439024
0.29650365
0.4243153902439024
0.29650365
0.2727757333333333
0.5336712258064515
0.4936868395061728
0.26967470454545456
0.2693437948717949
0.4060893571428571
0.34682425
0.3798345172413793
0.34682425
0.3798345172413793
0.25717933333333337
0.48725952499999997
0.3060314090909091
0.3555494310344828
0.29808142857142855
0.28422725581395347
0.29808142857142855
0.28422725581395347
0.32147848837209303
0.26225862857142856
0.25918713043478264
0.445097462962963
0.3995867731958763
0.46450772093023257
0.24842252631578948
0.36668489473684207
0.35832876315789475
0.41550637500000004
0.39122560377358495
0.41550637500000004
0.39122560377358495
0.4305798571428572
0.5290275039370078
0.4305798571428572
0.5290275039370078
0.2808210869565217
0.441935593220339
0.38961438235294116
0.38554594117647056
0.5097724074074074
0.38961438235294116
0.38554594117647056
0.5097724074074074
0.38961438235294116
0.38554594117647056
0.5097724074074074
0.3520984193548387
0.37876044444444446
0.47601433870967746
0.3520984193548387
0.37876044444444446
0.47601433870967746
0.3520984193548387
0.37876044444444446
0.47601433870967746
0.29828600000000005
0.31453586666666666
0.375074828125
0.2497105135135135
0.3277067666666667
0.43441057692307694
0.23559413513513516
0.2932881153846154
0.23559413513513516
0.2932881153846154
0.35443705000000003
0.28167587499999996
0.47506270370370374
0.3931986315789474
0.3761636388888889
0.4455965
0.45331808620689656
0.3365416571428571
0.370435347826087
0.44647638181818183
0.3365416571428571
0.370435347826087
0.44647638181818183
0.3365416571428571
0.370435347826087
0.44647638181818183
0.49068633333333334
0.33947672727272726
0.34973873333333333
0.2981221111111111
0.3600333181818182
0.36223353846153844
0.3605273725490196
0.36223353846153844
0.3605273725490196
0.33488
0.3514915652173913
0.351952225
0.420623652173913
0.36701046666666665
0.3822520833333333
0.3176028157894737
0.3822520833333333
0.3176028157894737
0.3515587391304348
0.36643439130434785
0.3515587391304348
0.36643439130434785
0.28298462500000005
0.32434688
0.28298462500000005
0.32434688
0.2930780125
0.40756966666666666
0.2930780125
0.40756966666666666
0.3397360857142857
0.23067142857142858
0.302635125
0.3934828082191781
0.28458938888888885
0.3268165263157895
0.37484435714285713
0.24843355555555555
0.37484435714285713
0.24843355555555555
0.45955776666666664
0.5955424
0.45955776666666664
0.5955424
0.36993156603773586
0.35338541304347826
0.30023678260869563
0.3589655
0.45674960000000003
0.5094214210526316
0.3589655
0.45674960000000003
0.5094214210526316
0.3589655
0.45674960000000003
0.5094214210526316
0.4930349534883721
0.45146952631578946
0.46754635714285714
0.34747506451612903
0.46754635714285714
0.34747506451612903
0.23930664999999998
0.40203320754716987
0.23930664999999998
0.40203320754716987
0.31716982089552237
0.23282564285714286
0.243798046875
0.3615046296296296
0.36559665306122446
0.3615046296296296
0.36559665306122446
0.3015088
0.25036533333333333
0.35553081395348834
0.34673200000000004
0.26835180000000003
0.38311547126436785
0.47302716666666667
0.4921650677966101
0.2639557435897436
0.4921650677966101
0.2639557435897436
0.2981221111111111
0.36102581818181817
0.3858675
0.26705285714285715
0.5670127407407407
0.23854009523809525
0.36979111764705885
0.3824592068965517
0.2597985384615385
0.3869706734693878
0.35516523529411764
0.2981221111111111
0.39776632758620695
0.29612687096774193
0.22941542857142858
0.39776632758620695
0.29612687096774193
0.22941542857142858
0.39776632758620695
0.29612687096774193
0.22941542857142858
0.49122129411764703
0.79911785
0.34172392
0.39443534831460675
0.41119894545454544
0.39443534831460675
0.41119894545454544
0.369038196969697
0.27671419354838706
0.3243468947368421
0.2939614375
0.27671419354838706
0.3243468947368421
0.2939614375
0.27671419354838706
0.3243468947368421
0.2939614375
0.337929875
0.42873386792452833
0.3586876666666667
0.46906171153846155
0.513235375
0.5719064482758621
0.513235375
0.5719064482758621
0.24691438461538462
0.465626225
0.2764444
0.3009748333333333
0.47524881481481485
0.47873123076923074
0.33768196666666667
0.3622084230769231
0.31014472727272724
0.29041427777777773
0.3611394375
0.31014472727272724
0.29041427777777773
0.3611394375
0.31014472727272724
0.29041427777777773
0.3611394375
0.3062629
0.3004504125
0.485760141025641
0.28264591304347825
0.4329980666666666
0.28264591304347825
0.4329980666666666
0.35230994444444447
0.40126922580645163
0.35230994444444447
0.40126922580645163
0.388638575
0.2769348
0.365691
0.33488
0.32683094736842105
0.3201826315789474
0.301142375
0.3233345882352941
0.27404944230769235
0.3201826315789474
0.301142375
0.3233345882352941
0.27404944230769235
0.3201826315789474
0.301142375
0.3233345882352941
0.27404944230769235
0.3201826315789474
0.301142375
0.3233345882352941
0.27404944230769235
0.2871502727272727
0.3215488
0.44730689999999995
0.3406782424242424
0.35955348387096775
0.37924348148148146
0.489457962962963
0.35955348387096775
0.37924348148148146
0.489457962962963
0.35955348387096775
0.37924348148148146
0.489457962962963
0.2716185238095238
0.39268213333333335
0.2771967619047619
0.3039750454545454
0.2851054
0.2710256956521739
0.42680660000000004
0.4263224347826087
0.42680660000000004
0.4263224347826087
0.3268598
0.2697524375
0.41344980952380955
0.3268598
0.2697524375
0.41344980952380955
0.3268598
0.2697524375
0.41344980952380955
0.25244265217391304
0.3874608275862069
0.42500772058823527
0.56926276
0.354115125
0.29965652
0.31312509523809523
0.25677633333333333
0.3738328260869565
0.22082483333333333
0.39464946153846153
0.4312824411764706
0.4913552098765432
0.22082483333333333
0.39464946153846153
0.4312824411764706
0.4913552098765432
0.22082483333333333
0.39464946153846153
0.4312824411764706
0.4913552098765432
0.22082483333333333
0.39464946153846153
0.4312824411764706
0.4913552098765432
0.4078441272727273
0.24825286363636365
0.3627028333333333
0.24825286363636365
0.3627028333333333
0.46479711538461543
0.3509025625
0.33577465217391306
0.2483179387755102
0.36085068
0.33377344999999997
0.3929473157894737
0.504425512605042
0.27735829411764706
0.2350542
0.31125470512820513
0.2538372727272727
0.31125470512820513
0.2538372727272727
0.3032679130434783
0.3192933043478261
0.3032679130434783
0.3192933043478261
0.36280189393939394
0.334612875
0.377393975
0.4048243775510204
0.24128392156862744
0.4048243775510204
0.24128392156862744
0.21630748148148146
0.46327847
0.3285424945054945
0.8829642598425197
0.27111494117647056
0.2617249375
0.28394063888888893
0.30098929166666666
0.29838383098591553
0.5034753035714286
0.43380300000000005
0.4036917234042553
0.3658182380952381
0.333885
0.3891490384615385
0.31476989473684214
0.27749895652173917
0.2732044375
0.4611812564102564
0.2732044375
0.4611812564102564
0.2660246
0.321476868852459
0.2660246
0.321476868852459
0.2688588
0.3317410869565217
0.2688588
0.3317410869565217
0.32984435
0.28909935999999997
0.24485235
0.30201666666666666
0.24485235
0.30201666666666666
0.2910203214285714
0.3437516956521739
0.3197605
0.4737430606060606
0.43896631249999996
0.24240175862068966
0.26027228205128206
0.31302802702702703
0.33550956097560974
0.3025299444444445
0.2640665
0.3368387222222222
0.46772896296296296
0.30760841935483874
0.31844888235294116
0.30760841935483874
0.31844888235294116
0.3100671230769231
0.4875525416666667
0.3100671230769231
0.4875525416666667
0.4398002941176471
0.47940225
0.4475473555555556
0.30987603571428574
0.5057726379310344
0.3537572916666667
0.37817228
0.30707372972972974
0.2913127142857143
0.434421625
0.37817228
0.30707372972972974
0.2913127142857143
0.434421625
0.37817228
0.30707372972972974
0.2913127142857143
0.434421625
0.37817228
0.30707372972972974
0.2913127142857143
0.434421625
0.25347187499999996
0.38512009375
0.25347187499999996
0.38512009375
0.24349070967741934
0.41812882926829265
0.4021334705882353
0.41812882926829265
0.4021334705882353
0.24447536363636366
0.20634289024390245
0.40272579999999997
0.3488086
0.40272579999999997
0.3488086
0.26575595918367345
0.3970170294117647
0.25004482608695655
0.3970170294117647
0.25004482608695655
0.2907754117647059
0.34756681818181817
0.2693125652173913
0.3240890384615384
0.37973747058823526
0.5841782641509434
0.3242849074074074
0.40857649999999995
0.49695853571428567
0.6169115789473685
0.40857649999999995
0.49695853571428567
0.6169115789473685
0.40857649999999995
0.49695853571428567
0.6169115789473685
0.5503995968992248
0.5013921590909091
0.42759582500000004
0.242918
0.5013921590909091
0.42759582500000004
0.242918
0.5013921590909091
0.42759582500000004
0.242918
0.4625980540540541
0.4385854
0.4625980540540541
0.4385854
0.34727362745098034
0.32860813636363634
0.25469474999999997
0.587299696969697
0.34822592857142853
0.587299696969697
0.34822592857142853
0.2504005789473684
0.2956936666666667
0.53343912
0.35532088888888885
0.53343912
0.35532088888888885
0.2422197
0.25308413043478256
0.36009627272727274
0.3180789
0.36009627272727274
0.3180789
0.8069362333333333
0.35584709090909095
0.3068815454545455
0.38890465
0.5142338333333334
0.43542859375
0.32172731818181816
0.32534227272727273
0.26389924
0.25784656
0.26389924
0.25784656
0.500530870967742
0.28165883333333336
0.3005818076923077
0.28165883333333336
0.3005818076923077
0.29252066666666665
0.2126035
0.4895951298701299
0.496917512605042
0.4895951298701299
0.496917512605042
0.41088251515151514
0.46664453846153847
0.3317036
0.46664453846153847
0.3317036
0.4211888181818182
0.23225206666666665
0.46214691071428565
0.25966372
0.26227226086956523
0.3358316666666667
0.3715013125
0.413462794117647
0.3358316666666667
0.3715013125
0.413462794117647
0.3358316666666667
0.3715013125
0.413462794117647
0.26035024
0.452709125
0.5074006249999999
0.452709125
0.5074006249999999
0.3282336233766234
0.2565925
0.3111782727272727
0.2565925
0.3111782727272727
0.2981221111111111
0.47367442105263163
0.34357870588235295
0.47367442105263163
0.34357870588235295
0.8868121126760563
0.2721134
0.2504884857142857
0.27419926666666666
0.2839298032786885
0.33768340983606554
0.4163505416666667
0.4247619125
0.4163505416666667
0.4247619125
0.26106036666666665
0.24030625373134326
0.27111230555555554
0.42747270588235287
0.26560234782608694
0.42747270588235287
0.26560234782608694
0.40140325
0.45116596153846156
0.29533855555555555
0.3425816071428572
0.3896175357142857
0.27346521739130436
0.28802045454545455
0.27346521739130436
0.28802045454545455
0.4143934444444444
0.24073707142857143
0.32077391304347824
0.56735476
0.3111459615384616
0.29759403030303033
0.2851152
0.3111459615384616
0.29759403030303033
0.2851152
0.3111459615384616
0.29759403030303033
0.2851152
0.3617602352941176
0.2983318727272727
0.3950211071428571
0.47529177464788736
0.4270893333333333
0.398663
0.3624299375
0.33940234999999996
0.45523290625
0.3446152857142857
0.45523290625
0.3446152857142857
0.31897976
0.37090874193548384
0.31897976
0.37090874193548384
0.27409503999999996
0.3362176956521739
0.27409503999999996
0.3362176956521739
0.3959603043478261
0.26452758974358975
0.22974785
0.26452758974358975
0.22974785
0.5714234571428571
0.443699
0.5714234571428571
0.443699
0.4468853372093023
0.2959263076923077
0.2635867391304348
0.32878348888888886
0.42007015151515154
0.31999253125
0.225223875
0.5327922281553398
0.2727312222222222
0.3300757307692308
0.372862972972973
0.32525746666666666
0.2847630810810811
0.32575883333333333
0.29315444827586207
0.37031867142857144
0.2439869166666667
0.3234860169491525
0.4531774411764706
0.25263348148148146
0.3716085076923077
0.3318682857142857
0.25263348148148146
0.3716085076923077
0.3318682857142857
0.25263348148148146
0.3716085076923077
0.3318682857142857
0.2738661
0.32116896296296293
0.41928100952380953
0.4952177358490566
0.28277054166666665
0.3667395263157895
0.3684651176470588
0.3667395263157895
0.3684651176470588
0.28060079310344826
0.32435054545454545
0.2543042
0.38268687500000004
0.2938077272727273
0.38268687500000004
0.2938077272727273
0.47663762500000006
0.41363871428571425
0.4288291666666667
0.363633074074074
0.3619281538461538
0.3537321923076923
0.3337388125
0.3772900740740741
0.24510858536585367
0.3337388125
0.3772900740740741
0.24510858536585367
0.3337388125
0.3772900740740741
0.24510858536585367
0.3029719375
0.39805070491803274
0.3381725238095238
0.39805070491803274
0.3381725238095238
0.37945886363636366
0.3450969137931034
0.3170537391304348
0.27999374285714285
0.33534959090909094
0.22547986363636363
0.3348423658536585
0.28260924
0.3348423658536585
0.28260924
0.29274772222222223
0.48152212499999997
0.2843209565217391
0.4506444255319149
0.2934934166666667
0.26072854545454544
0.23370875
0.3709955555555556
0.35620635
0.4556460925925926
0.3709955555555556
0.35620635
0.4556460925925926
0.3709955555555556
0.35620635
0.4556460925925926
0.42329639999999996
0.28831090000000004
0.4613768725490196
0.28720638095238094
0.29528836585365853
0.33364054054054054
0.316589
0.3732810923076923
0.29030320000000004
0.3602382352941177
0.27745030000000004
0.3939005
0.9341101477272727
0.5546493076923077
0.261031375
0.40518657812500003
0.4514202857142857
0.30547305128205127
0.36185241935483875
0.40518657812500003
0.4514202857142857
0.30547305128205127
0.36185241935483875
0.40518657812500003
0.4514202857142857
0.30547305128205127
0.36185241935483875
0.40518657812500003
0.4514202857142857
0.30547305128205127
0.36185241935483875
0.49506252173913046
0.34199487878787876
0.29081673076923076
0.26124063636363637
0.29081673076923076
0.26124063636363637
0.7955848833333333
0.31320871428571434
0.4085109142857143
0.40600908333333335
0.31320871428571434
0.4085109142857143
0.40600908333333335
0.31320871428571434
0.4085109142857143
0.40600908333333335
0.5089482372881355
0.3421044693877551
0.5089482372881355
0.3421044693877551
0.3211963103448276
0.28789878571428573
0.3088836086956522
0.3707358823529412
0.26171304545454543
0.23882847222222223
0.42145750632911394
0.27125794444444445
0.38269695000000004
0.39346095454545454
0.4119181818181818
0.39346095454545454
0.4119181818181818
0.27060180645161286
0.34786651282051284
0.38814039215686275
0.3686008125
0.3087789444444444
0.38814039215686275
0.3686008125
0.3087789444444444
0.38814039215686275
0.3686008125
0.3087789444444444
0.24717342307692305
0.5441365689655172
0.3472224339622641
0.28031163157894734
0.3472224339622641
0.28031163157894734
0.4672812931034483
0.5307963913043477
0.43943938636363633
0.48151795121951213
0.43943938636363633
0.48151795121951213
0.41844975
0.36802254545454544
0.30142248
0.436421125
0.4167691875
0.436421125
0.4167691875
0.4593306455696202
0.32609743750000003
0.4651896827586207
0.2712239444444445
0.26330796153846153
0.2712239444444445
0.26330796153846153
0.37999869565217387
0.33987354999999997
0.38787695238095243
0.33987354999999997
0.38787695238095243
0.423852375
0.33780541379310347
0.423852375
0.33780541379310347
0.2875782258064516
0.31354439705882353
0.431647223880597
0.31354439705882353
0.431647223880597
0.23200279999999998
0.2922495806451613
0.428933011627907
0.2922495806451613
0.428933011627907
0.4287249565217391
0.2653194857142857
0.3826942567567568
0.2653194857142857
0.3826942567567568
0.36031005
0.48424508695652174
0.31013663999999996
0.36031005
0.48424508695652174
0.31013663999999996
0.36031005
0.48424508695652174
0.31013663999999996
0.25272875949367085
0.2840578055555556
0.5173910641025641
0.29979690000000003
0.7416681147540983
0.3081463953488372
0.3671448125
0.3973039090909091
0.27141586666666667
0.3973039090909091
0.27141586666666667
0.3378581041666667
0.5350829375
0.35074534782608696
0.5350829375
0.35074534782608696
0.29483326923076925
0.3510611132075471
0.49009978571428575
0.3510611132075471
0.49009978571428575
0.3871564210526316
0.261278564516129
0.3871564210526316
0.261278564516129
0.48628984
0.41913444
0.2656881481481482
0.47537202325581396
0.3127999
0.23633990909090907
0.3076497037037037
0.22859525
0.3579975
0.38714465000000003
0.3579975
0.38714465000000003
0.46073180898876404
0.319694575
0.3040004705882353
0.319694575
0.3040004705882353
0.41394314285714284
0.855530129032258
0.6904624516129032
0.421386306122449
0.6904624516129032
0.421386306122449
0.2841273125
0.2319197
0.46857207142857144
0.5182421666666667
0.35631452631578947
0.3379071875
0.35631452631578947
0.3379071875
0.46011334146341465
0.48113416666666664
0.46011334146341465
0.48113416666666664
0.7402179
0.30074272631578947
0.27113991666666665
0.30074272631578947
0.27113991666666665
0.24219564
0.3572862424242424
0.5043838529411765
0.28127366666666664
0.305911
0.28127366666666664
0.305911
0.4166383157894737
0.39183072222222226
0.3010952307692308
0.3026005
0.3010952307692308
0.3026005
0.8174197833333333
0.5593905
0.4697423636363636
0.5593905
0.4697423636363636
0.41515459090909085
0.944628203539823
0.30062686666666666
0.3942156379310345
0.33951773913043476
0.3942156379310345
0.33951773913043476
0.25952832000000003
0.8852269577464789
0.3889863263157895
0.28589315789473685
0.3620711621621622
0.29368152
0.25416897727272725
0.45747397674418605
0.2766645925925926
0.34179702222222225
0.32320583783783785
0.2765913
0.33510055263157895
0.348644
0.2766645925925926
0.34179702222222225
0.32320583783783785
0.2765913
0.33510055263157895
0.348644
0.2766645925925926
0.34179702222222225
0.32320583783783785
0.2765913
0.33510055263157895
0.348644
0.2766645925925926
0.34179702222222225
0.32320583783783785
0.2765913
0.33510055263157895
0.348644
0.2766645925925926
0.34179702222222225
0.32320583783783785
0.2765913
0.33510055263157895
0.348644
0.2766645925925926
0.34179702222222225
0.32320583783783785
0.2765913
0.33510055263157895
0.348644
0.3858282380952381
0.2996012105263158
0.2918759756097561
0.4103819285714286
0.4773635909090909
0.3541216037735849
0.4773635909090909
0.3541216037735849
0.28625738888888885
0.263912125
0.33190454545454545
0.34744355555555556
0.33190454545454545
0.34744355555555556
0.27476120000000004
0.43333738775510205
0.3514327826086956
0.24587796296296296
0.30399205263157897
0.43258975
0.39117526865671637
0.43258975
0.39117526865671637
0.3526678155339806
0.2766874615384615
0.3402608888888889
0.2766874615384615
0.3402608888888889
0.25693279999999996
0.2392044516129032
0.25693279999999996
0.2392044516129032
0.3008274444444445
0.512533
0.3826397169811321
0.512533
0.3826397169811321
0.33758917
0.42421494444444446
0.3224583733333333
0.28191629411764707
0.2936808
0.3050254565217391
0.2913546
0.45431553488372095
0.33709451351351355
0.45431553488372095
0.33709451351351355
0.3553264150943396
0.4006542
0.3553264150943396
0.4006542
0.37408676
0.3403151153846154
0.4061846538461538
0.3998305925925926
0.670937824742268
0.282741619047619
0.564278193548387
0.3001976923076923
0.29715326829268296
0.3001976923076923
0.29715326829268296
0.33069666666666664
0.2768534761904762
0.2751390384615385
0.27787862068965513
0.38499604819277106
0.27787862068965513
0.38499604819277106
0.4074321818181818
0.395845625
0.23677396551724136
0.36921653846153846
0.3483630909090909
0.4084479259259259
0.46497251282051283
0.3724542941176471
0.36921653846153846
0.3483630909090909
0.4084479259259259
0.46497251282051283
0.3724542941176471
0.36921653846153846
0.3483630909090909
0.4084479259259259
0.46497251282051283
0.3724542941176471
0.36921653846153846
0.3483630909090909
0.4084479259259259
0.46497251282051283
0.3724542941176471
0.36921653846153846
0.3483630909090909
0.4084479259259259
0.46497251282051283
0.3724542941176471
0.28425127777777776
0.36848027868852457
0.23861895652173912
0.3762110181818182
0.36848027868852457
0.23861895652173912
0.3762110181818182
0.36848027868852457
0.23861895652173912
0.3762110181818182
0.2370011219512195
0.4439323
0.41746737142857143
0.27084926086956523
0.2936956956521739
0.4726825625
0.36681296153846155
0.3137244528301887
0.4726825625
0.36681296153846155
0.3137244528301887
0.4726825625
0.36681296153846155
0.3137244528301887
0.28325622222222224
0.31292536666666665
0.2544117391304348
0.28895447826086956
0.2544117391304348
0.28895447826086956
0.308246875
0.41598224137931034
0.3940136818181818
0.5092344848484849
0.29280775
0.41598224137931034
0.3940136818181818
0.5092344848484849
0.29280775
0.41598224137931034
0.3940136818181818
0.5092344848484849
0.29280775
0.41598224137931034
0.3940136818181818
0.5092344848484849
0.29280775
0.275485375
0.421312696969697
0.38946232000000003
0.421312696969697
0.38946232000000003
0.3463692
0.213568925
0.26041274999999997
0.35274994642857144
0.26041274999999997
0.35274994642857144
0.872056125984252
0.479756725
0.29150075
0.4959826333333333
0.4420488125
0.4959826333333333
0.4420488125
0.3338074583333333
0.31355928205128203
0.39584835714285715
0.4135206851851852
0.4715262916666667
0.891967567164179
0.32605850000000003
0.2632059375
0.26774513333333333
0.3496854864864865
0.2862009
0.3496854864864865
0.2862009
0.2896481851851852
0.34029319047619044
0.36311094
0.32695179166666666
0.2896481851851852
0.34029319047619044
0.36311094
0.32695179166666666
0.2896481851851852
0.34029319047619044
0.36311094
0.32695179166666666
0.2896481851851852
0.34029319047619044
0.36311094
0.32695179166666666
0.35214203125
0.31066770833333335
0.35385752
0.2963111621621622
0.31264933333333333
0.29605139999999996
0.37205879166666667
0.3122993
0.37205879166666667
0.3122993
0.43989637362637357
0.28012546875
0.38548373684210524
0.5162981138211382
0.31897715
0.4919014761904762
0.3524615
0.2579973181818182
0.4098300227272727
0.3524615
0.2579973181818182
0.4098300227272727
0.3524615
0.2579973181818182
0.4098300227272727
0.49832691176470584
0.36804257142857144
0.49832691176470584
0.36804257142857144
0.28654124137931036
0.43676172549019604
0.3167223333333334
0.25355956
0.341202875
0.3421725263157895
0.40557550000000003
0.4331584878048781
0.29742569230769234
0.33185000000000003
0.29742569230769234
0.33185000000000003
0.3977798510638298
0.2630343793103448
0.2816913043478261
0.30247983050847455
0.5264482285714286
0.4511289423076923
0.4671168947368421
0.2809479285714286
0.4247695
0.3273075172413793
0.4247695
0.3273075172413793
0.4044997391304348
0.3812675217391304
0.37150695652173915
0.4044997391304348
0.3812675217391304
0.37150695652173915
0.4044997391304348
0.3812675217391304
0.37150695652173915
0.33374386274509804
0.43776788888888885
0.4533577727272727
0.29505268421052633
0.36011583333333336
0.3149196470588235
0.36011583333333336
0.3149196470588235
0.5343055542168674
0.5081872584269663
0.5343055542168674
0.5081872584269663
0.2794802068965517
0.2723228888888889
0.4472791875
0.47824507692307694
0.4472791875
0.47824507692307694
0.36731203125
0.3873774130434783
0.3684159583333333
0.32751392307692306
0.36731203125
0.3873774130434783
0.3684159583333333
0.32751392307692306
0.36731203125
0.3873774130434783
0.3684159583333333
0.32751392307692306
0.36731203125
0.3873774130434783
0.3684159583333333
0.32751392307692306
0.37308568000000003
0.3280942941176471
0.3089601818181818
0.3280942941176471
0.3089601818181818
0.31429405
0.43791508620689656
0.30833378260869565
0.35516523529411764
0.31174975
0.2663909565217391
0.37755849999999996
0.3092973815789474
0.3433803181818182
0.3123569230769231
0.382949475
0.44660667500000006
0.46854238095238093
0.44660667500000006
0.46854238095238093
0.35359134210526316
0.33956636507936505
0.2780088571428571
0.33956636507936505
0.2780088571428571
0.3189659523809524
0.4047588928571429
0.27479859090909087
0.9667877183098591
0.30373668
0.2717783888888889
0.33488
0.39204059999999996
0.2648834642857143
0.3105380588235294
0.34552224000000004
0.3688639333333333
0.45177727710843374
0.36196829268292685
0.3406802888888889
0.3642324782608696
0.4131457045454546
0.36196829268292685
0.3406802888888889
0.3642324782608696
0.4131457045454546
0.36196829268292685
0.3406802888888889
0.3642324782608696
0.4131457045454546
0.36196829268292685
0.3406802888888889
0.3642324782608696
0.4131457045454546
0.4216958636363637
0.377848125
0.42106950000000004
0.377848125
0.42106950000000004
0.31985490476190476
0.4181046785714286
0.31985490476190476
0.4181046785714286
0.34072652941176473
0.4212340555555556
0.36256916666666666
0.2949918947368421
0.29692051851851853
0.3651509230769231
0.36095272500000003
0.287662875
0.375137515625
0.29119806666666664
0.3827729166666667
0.29892375
0.3827729166666667
0.29892375
0.40575242857142857
0.28442056250000003
0.46343893939393943
0.40748876666666667
0.28442056250000003
0.46343893939393943
0.40748876666666667
0.28442056250000003
0.46343893939393943
0.40748876666666667
0.35650600000000005
0.43843382666666664
0.3565412
0.3855819393939394
0.5891166705882352
0.3565412
0.3855819393939394
0.5891166705882352
0.3565412
0.3855819393939394
0.5891166705882352
0.4005729518072289
0.3426211904761905
0.4173186666666667
0.38118815384615384
0.3163128108108108
0.38118815384615384
0.3163128108108108
0.37214011764705884
0.3795054285714286
0.37098252083333333
0.3267424406779661
0.4753445925925926
0.4816188461538462
0.39977592307692306
0.4753445925925926
0.4816188461538462
0.39977592307692306
0.4753445925925926
0.4816188461538462
0.39977592307692306
0.21729414285714282
0.22639269999999997
0.21729414285714282
0.22639269999999997
0.3076596875
0.30420512
0.5910930606060606
0.3654561428571429
0.5910930606060606
0.3654561428571429
0.35897085
0.3340508214285714
0.35897085
0.3340508214285714
0.3120977361111111
0.38031431250000003
0.2683976538461538
0.34719279166666667
0.3351573333333333
0.25326335294117647
0.3509566288659794
0.3981148333333333
0.32996613333333336
0.33717842857142855
0.32996613333333336
0.33717842857142855
0.3543679074074074
0.3560372916666667
0.3543679074074074
0.3560372916666667
0.39736115789473686
0.3073185
0.23516644897959185
0.39736115789473686
0.3073185
0.23516644897959185
0.39736115789473686
0.3073185
0.23516644897959185
0.27111230555555554
0.3120022727272727
0.4816965648148148
0.30018330769230767
0.4816965648148148
0.30018330769230767
0.5583984444444444
0.51713834375
0.2371715909090909
0.29432542222222224
0.7738834639175257
0.2804889344262295
0.30868643478260865
0.26217244827586206
0.3139752777777778
0.26217244827586206
0.3139752777777778
0.2723781111111111
0.36378005714285716
0.4353215925925926
0.36378005714285716
0.4353215925925926
0.22132578494623656
0.317103652173913
0.4389542666666667
0.27276534375
0.27737578723404255
0.34951664583333336
0.30153374
0.26578676470588236
0.3589208095238095
0.3890503809523809
0.3782463043478261
0.3877708
0.36299092592592597
0.2765309444444444
0.32020628125
0.4704630869565217
0.3732460909090909
0.3528514137931034
0.547639
0.2914285294117647
0.40735235937500003
0.2788666052631579
0.32484413636363635
0.31559246341463415
0.32484413636363635
0.31559246341463415
0.40451656862745095
0.44703880952380953
0.39610952380952386
0.414677
0.44703880952380953
0.39610952380952386
0.414677
0.44703880952380953
0.39610952380952386
0.414677
0.3503006875
0.48353903125
0.45252891836734693
0.48353903125
0.45252891836734693
0.42160295238095236
0.3411127428571428
0.42160295238095236
0.3411127428571428
0.47373488135593217
0.37922133333333335
0.47373488135593217
0.37922133333333335
0.42397563636363633
0.5474465000000001
0.42397563636363633
0.5474465000000001
