0.6337117552757263
0.2739829421043396
0.29699936509132385
0.696746826171875
0.5963684916496277
0.5318067669868469
0.45078179240226746
0.5963684916496277
0.5318067669868469
0.45078179240226746
0.47364184260368347
0.5797904133796692
0.46485769748687744
0.39527958631515503
0.676284670829773
0.5931585431098938
0.39765504002571106
0.6844231486320496
0.4982372224330902
0.5632328987121582
0.6086068153381348
0.5632328987121582
0.6086068153381348
0.7191298007965088
0.5272963643074036
0.3647567629814148
0.5445250272750854
0.5012704133987427
0.5643232464790344
0.5670424103736877
0.6050627827644348
0.5644618272781372
0.3431996703147888
0.6050627827644348
0.5644618272781372
0.3431996703147888
0.7436827421188354
0.5797552466392517
0.2925439476966858
0.6279065012931824
0.5895706415176392
0.6622289419174194
0.698228120803833
0.7340311408042908
0.6622289419174194
0.698228120803833
0.7340311408042908
0.6622289419174194
0.698228120803833
0.7340311408042908
0.5270853042602539
0.6140120029449463
0.615116536617279
0.45672518014907837
0.6562173962593079
0.6693137288093567
0.5010685324668884
0.6814871430397034
0.5690712928771973
0.6221609711647034
0.5690712928771973
0.6221609711647034
0.25483232736587524
0.5538928508758545
0.4363909959793091
0.5709292888641357
0.271392285823822
0.5902158617973328
0.29137006402015686
0.6714428663253784
0.2957029938697815
0.4882547855377197
0.6074094772338867
0.3412971794605255
0.6782030463218689
0.6481258869171143
0.5379008650779724
0.5477798581123352
0.5379008650779724
0.5477798581123352
0.5748099684715271
0.524448812007904
0.2844164967536926
0.3209497928619385
0.5706343054771423
0.46512994170188904
0.7823188900947571
0.5893212556838989
0.7253383994102478
0.5117195844650269
0.5053706169128418
0.6795010566711426
0.270110547542572
0.6765828132629395
0.5908668041229248
0.5116982460021973
0.574776828289032
0.5070586800575256
0.48852530121803284
0.6065165400505066
0.4750519394874573
0.3900342881679535
0.6853446364402771
0.3138379752635956
0.71014803647995
0.6514022946357727
0.704835832118988
0.5007928609848022
0.3546409010887146
0.592149019241333
0.35267239809036255
0.6663193106651306
0.6705331802368164
0.5785551071166992
0.4372714161872864
0.6266970634460449
0.5577096343040466
0.452492356300354
0.5844131708145142
0.6668434739112854
0.5153025984764099
0.7118440866470337
0.6964830756187439
0.7118440866470337
0.6964830756187439
0.6334561705589294
0.307453989982605
0.5718085765838623
0.4508361220359802
0.6532328724861145
0.578612208366394
0.6485444903373718
0.46250787377357483
0.4362795948982239
0.39009883999824524
0.5508472323417664
0.6672093868255615
0.2667018175125122
0.6571035981178284
0.7175289392471313
0.5928113460540771
0.5361959338188171
0.3717036247253418
0.504713773727417
0.4873412847518921
0.517045795917511
0.3137439787387848
0.6614905595779419
0.6171408295631409
0.5373280048370361
0.6065409183502197
0.61568683385849
0.6065409183502197
0.61568683385849
0.3729477524757385
0.4942644536495209
0.48998451232910156
0.3729477524757385
0.4942644536495209
0.48998451232910156
0.38317689299583435
0.5753688216209412
0.6431386470794678
0.5713971853256226
0.48293691873550415
0.3055572807788849
0.2691831886768341
0.6495848298072815
0.2695889174938202
0.4544316828250885
0.543648898601532
0.259848415851593
0.7163405418395996
0.6572368144989014
0.37208062410354614
0.6076155304908752
0.6143010258674622
0.37208062410354614
0.6076155304908752
0.6143010258674622
0.31701216101646423
0.6476730704307556
0.4599152207374573
0.5763858556747437
0.693243145942688
0.5763858556747437
0.693243145942688
0.6013857126235962
0.6159318685531616
0.689310610294342
0.6262762546539307
0.689310610294342
0.6262762546539307
0.5460115075111389
0.351876825094223
0.4690399169921875
0.28334352374076843
0.7462011575698853
0.497540146112442
0.2681661546230316
0.6172654628753662
0.497540146112442
0.2681661546230316
0.6172654628753662
0.6745953559875488
0.6513335108757019
0.6498391628265381
0.6479840278625488
0.6498391628265381
0.6479840278625488
0.5269197821617126
0.41798824071884155
0.5609478950500488
0.6516453623771667
0.5279116034507751
0.6516453623771667
0.5279116034507751
0.531035840511322
0.7075262665748596
0.6070210933685303
0.58833909034729
0.560883104801178
0.58833909034729
0.560883104801178
0.5514434576034546
0.29119059443473816
0.5705729722976685
0.4324270486831665
0.3739572763442993
0.4769391119480133
0.4726158678531647
0.5398016571998596
0.33521297574043274
0.5456353425979614
0.289458692073822
0.691126823425293
0.6127967238426208
0.6450339555740356
0.2642722725868225
0.5061919689178467
0.5624626874923706
0.651772677898407
0.5624626874923706
0.651772677898407
0.45788466930389404
0.5254228711128235
0.5068622827529907
0.5746760964393616
0.48616182804107666
0.5068622827529907
0.5746760964393616
0.48616182804107666
0.6391821503639221
0.5186078548431396
0.48867544531822205
0.36374935507774353
0.5186078548431396
0.48867544531822205
0.36374935507774353
0.6741167306900024
0.6137226223945618
0.530758798122406
0.3353400230407715
0.279988557100296
0.40681028366088867
0.2792752981185913
0.668921947479248
0.3489319980144501
0.5610905885696411
0.5847761034965515
0.667649507522583
0.6071229577064514
0.667649507522583
0.6071229577064514
0.3945235013961792
0.6690396666526794
0.5753138065338135
0.3945235013961792
0.6690396666526794
0.5753138065338135
0.5518386960029602
0.39321601390838623
0.27376940846443176
0.6775517463684082
0.6197200417518616
0.27376940846443176
0.6775517463684082
0.6197200417518616
0.322367399930954
0.6328345537185669
0.4269951581954956
0.6680320501327515
0.6367108821868896
0.6680320501327515
0.6367108821868896
0.586381733417511
0.6389043927192688
0.44636470079421997
0.47453370690345764
0.6432469487190247
0.6010290384292603
0.3541886508464813
0.3897603452205658
0.6415209770202637
0.4012371897697449
0.5621921420097351
0.624473512172699
0.388210654258728
0.5663983225822449
0.36793994903564453
0.46349188685417175
0.5733882784843445
0.45601266622543335
0.36793994903564453
0.46349188685417175
0.5733882784843445
0.45601266622543335
0.5574461817741394
0.3988107442855835
0.4421268701553345
0.48595333099365234
0.46165332198143005
0.6854006052017212
0.46165332198143005
0.6854006052017212
0.5905309915542603
0.6714650988578796
0.5758987069129944
0.5783118009567261
0.6804010272026062
0.636397123336792
0.6078504920005798
0.6804010272026062
0.636397123336792
0.6078504920005798
0.6804010272026062
0.636397123336792
0.6078504920005798
0.5096141695976257
0.5914657711982727
0.6371788382530212
0.5852177143096924
0.6371788382530212
0.5852177143096924
0.5584952235221863
0.6458383798599243
0.5584952235221863
0.6458383798599243
0.6314270496368408
0.32346630096435547
0.567434549331665
0.6443476676940918
0.6605521440505981
0.6592587232589722
0.7145305275917053
0.6487458348274231
0.6699813008308411
0.6923742890357971
0.25236988067626953
0.5519037842750549
0.4916975796222687
0.2852075695991516
0.6668714880943298
0.6539996266365051
0.5971333384513855
0.4093593657016754
0.6697434186935425
0.4373747706413269
0.31611061096191406
0.3578738570213318
0.5899034738540649
0.36248981952667236
0.2519836723804474
0.6674458384513855
0.3601911664009094
0.3287839889526367
0.6320338249206543
0.6710156798362732
0.6810802817344666
0.6710156798362732
0.6810802817344666
0.2703401446342468
0.6110235452651978
0.5977193117141724
0.6309607028961182
0.5501007437705994
0.3295436501502991
0.41965556144714355
0.539413332939148
0.3764803111553192
0.3446854054927826
0.6603130102157593
0.6172574758529663
0.4874686002731323
0.46358561515808105
0.4874686002731323
0.46358561515808105
0.6977822184562683
0.42527762055397034
0.7251784801483154
0.43851059675216675
0.6886894106864929
0.582189679145813
0.36642149090766907
0.46440309286117554
0.5359814167022705
0.44132372736930847
0.43998363614082336
0.6596295237541199
0.5296050310134888
0.5364291667938232
0.5359814167022705
0.44132372736930847
0.43998363614082336
0.6596295237541199
0.5296050310134888
0.5364291667938232
0.5359814167022705
0.44132372736930847
0.43998363614082336
0.6596295237541199
0.5296050310134888
0.5364291667938232
0.6408848762512207
0.5919620394706726
0.6408848762512207
0.5919620394706726
0.6267256140708923
0.5410441756248474
0.6705516576766968
0.2895258665084839
0.7066240906715393
0.45276954770088196
0.5410441756248474
0.6705516576766968
0.2895258665084839
0.7066240906715393
0.45276954770088196
0.5410441756248474
0.6705516576766968
0.2895258665084839
0.7066240906715393
0.45276954770088196
0.26553672552108765
0.5875105261802673
0.6512553691864014
0.5583618879318237
0.6237019896507263
0.5658223032951355
0.6529334783554077
0.5984528064727783
0.4965653121471405
0.4338298738002777
0.27237167954444885
0.5246041417121887
0.5815909504890442
0.7531939744949341
0.6309946179389954
0.5966916084289551
0.34941962361335754
0.5946864485740662
0.6935686469078064
0.6138284206390381
0.3862144351005554
0.6751264333724976
0.5750202536582947
0.7348519563674927
0.6396399140357971
0.5210629105567932
0.6396399140357971
0.5210629105567932
0.26857680082321167
0.7139506340026855
0.4939567744731903
0.7084069848060608
0.33842265605926514
0.6201395392417908
0.5225569009780884
0.64759761095047
0.6596240997314453
0.6076558828353882
0.42486611008644104
0.6026483774185181
0.5178600549697876
0.6695737838745117
0.6187360286712646
0.5850258469581604
0.2664352059364319
0.4388328194618225
0.5367145538330078
0.6108323335647583
0.5132090449333191
0.3510553240776062
0.2664352059364319
0.4388328194618225
0.5367145538330078
0.6108323335647583
0.5132090449333191
0.3510553240776062
0.5731308460235596
0.6821117997169495
0.6137580871582031
0.4694255292415619
0.38866016268730164
0.2995852530002594
0.6043450832366943
0.6049606204032898
0.38155728578567505
0.4694255292415619
0.38866016268730164
0.2995852530002594
0.6043450832366943
0.6049606204032898
0.38155728578567505
0.561448335647583
0.6596840620040894
0.561448335647583
0.6596840620040894
0.6158576011657715
0.4764980971813202
0.5293712615966797
0.4311431050300598
0.5054869651794434
0.2517664432525635
0.359872967004776
0.3850725591182709
0.6083035469055176
0.6487032771110535
0.6546674966812134
0.6157578229904175
0.6757502555847168
0.6305810809135437
0.7035295963287354
0.40912100672721863
0.5492125153541565
0.7330182790756226
0.7094168066978455
0.5129990577697754
0.6023543477058411
0.6642036437988281
0.4621461033821106
0.6432294845581055
0.6156461834907532
0.6828436851501465
0.6156461834907532
0.6828436851501465
0.5983075499534607
0.4932706654071808
0.6143804788589478
0.5503426194190979
0.5938776731491089
0.606115996837616
0.6838846802711487
0.520240068435669
0.6838846802711487
0.520240068435669
0.508366048336029
0.5652616024017334
0.508366048336029
0.5652616024017334
0.5518094897270203
0.5161683559417725
0.5518094897270203
0.5161683559417725
0.347018837928772
0.5450160503387451
0.5769555568695068
0.6816797256469727
0.495056688785553
0.7050036191940308
0.5749960541725159
0.6352004408836365
0.6218692064285278
0.5364786386489868
0.4159204959869385
0.39798763394355774
0.6900274753570557
0.526621401309967
0.5099979639053345
0.3845887780189514
0.7056378126144409
0.5613643527030945
0.6243582367897034
0.4125667214393616
0.40614429116249084
0.46707725524902344
0.6391006708145142
0.6792373061180115
0.5752921104431152
0.6201574206352234
0.5814636945724487
0.4381072223186493
0.5509013533592224
0.4785352051258087
0.5948206186294556
0.4101090431213379
0.4398952126502991
0.3368748128414154
0.3658624291419983
0.5371867418289185
0.567793071269989
0.4710116684436798
0.6235961318016052
0.6589439511299133
0.5350872874259949
0.5481041073799133
0.6844574809074402
0.5350872874259949
0.5481041073799133
0.6844574809074402
0.5350872874259949
0.5481041073799133
0.6844574809074402
0.3182488977909088
0.6996484994888306
0.605289101600647
0.5806795358657837
0.5934129953384399
0.24603579938411713
0.6604154706001282
0.5823071599006653
0.6604154706001282
0.5823071599006653
0.5473728179931641
0.5270358324050903
0.6601014137268066
0.6549006700515747
0.45405617356300354
0.5716649889945984
0.6485958695411682
0.5588663816452026
0.6187864542007446
0.5588663816452026
0.6187864542007446
0.6566601395606995
0.4697587788105011
0.5292669534683228
0.5857560634613037
0.7038378119468689
0.6471858620643616
0.6396086812019348
0.6471858620643616
0.6396086812019348
0.5770738124847412
0.6741330027580261
0.37909138202667236
0.6817975044250488
0.326911598443985
0.5305584073066711
0.2266242355108261
0.7405144572257996
0.5215277671813965
0.7405144572257996
0.5215277671813965
0.7273021340370178
0.3832845091819763
0.6947987079620361
0.6303449273109436
0.5507516264915466
0.655737042427063
0.5507516264915466
0.655737042427063
0.6618672609329224
0.3338127136230469
0.574842631816864
0.6580711007118225
0.5913028120994568
0.6812086701393127
0.5324586629867554
0.6307504177093506
0.5324586629867554
0.6307504177093506
0.5280678272247314
0.2803364098072052
0.5063318610191345
0.3194560408592224
0.6922847032546997
0.7628467679023743
0.54849773645401
0.6478109359741211
0.47588977217674255
0.6111630797386169
0.47588977217674255
0.6111630797386169
0.6405481696128845
0.6606886982917786
0.5840889811515808
0.5367112755775452
0.6471694707870483
0.6074930429458618
0.6358975172042847
0.38184037804603577
0.48675015568733215
0.6720870137214661
0.6448295712471008
0.6597628593444824
0.6712214350700378
0.6598790287971497
0.52638179063797
0.6563512682914734
0.5246396064758301
0.5958390831947327
0.5886791944503784
0.5574713349342346
0.5958390831947327
0.5886791944503784
0.5574713349342346
0.5586298704147339
0.36445823311805725
0.5755065083503723
0.6037800312042236
0.613986074924469
0.5597985982894897
0.687301754951477
0.5597985982894897
0.687301754951477
0.4711105227470398
0.5562068223953247
0.6143249869346619
0.5562068223953247
0.6143249869346619
0.6591211557388306
0.5879179239273071
0.4328652620315552
0.5910684466362
0.6265761256217957
0.5910684466362
0.6265761256217957
0.6594102382659912
0.6542133688926697
0.41738277673721313
0.664527952671051
0.44243982434272766
0.6695507764816284
0.509885311126709
0.6460757851600647
0.5470902919769287
0.5747683644294739
0.7496005296707153
0.6280084252357483
0.6781628727912903
0.6405988335609436
0.7544700503349304
0.44969871640205383
0.6269384622573853
0.47875097393989563
0.44969871640205383
0.6269384622573853
0.47875097393989563
0.43101683259010315
0.4093691110610962
0.620901346206665
0.608260452747345
0.6747632026672363
0.6158462166786194
0.34829825162887573
0.566702663898468
0.6149357557296753
0.5617985129356384
0.6468449831008911
0.6090240478515625
0.3468477129936218
0.6452446579933167
0.6364611387252808
0.4235473871231079
0.5127276182174683
0.40200573205947876
0.698067307472229
0.495647132396698
0.345339834690094
0.39222413301467896
0.6362926959991455
0.495647132396698
0.345339834690094
0.39222413301467896
0.6362926959991455
0.5821124911308289
0.38359248638153076
0.6042726635932922
0.36066293716430664
0.48422178626060486
0.33482295274734497
0.6467627286911011
0.4822843372821808
0.6709496974945068
0.6043005585670471
0.6877478361129761
0.5078521370887756
0.6243968605995178
0.6136286854743958
0.6243968605995178
0.6136286854743958
0.6351566314697266
0.5200123190879822
0.5607547163963318
0.5862910747528076
0.3441164493560791
0.6462991833686829
0.5607547163963318
0.5862910747528076
0.3441164493560791
0.6462991833686829
0.5607547163963318
0.5862910747528076
0.3441164493560791
0.6462991833686829
0.5047183036804199
0.632739245891571
0.5047183036804199
0.632739245891571
0.34061959385871887
0.5065019130706787
0.4083386957645416
0.6377304792404175
0.6964700222015381
0.6019509434700012
0.6964700222015381
0.6019509434700012
0.6538386940956116
0.3711635172367096
0.3908589482307434
0.6533777117729187
0.5736373662948608
0.6032518148422241
0.6446335315704346
0.6020185351371765
0.7093459367752075
0.7184273600578308
0.33220475912094116
0.5494447946548462
0.47278743982315063
0.2609929144382477
0.47650763392448425
0.33356520533561707
0.3050013780593872
0.6631629467010498
0.36742183566093445
0.615196704864502
0.5840499997138977
0.339582622051239
0.6246349215507507
0.54071044921875
0.6036450266838074
0.5321711897850037
0.339582622051239
0.6246349215507507
0.54071044921875
0.6036450266838074
0.5321711897850037
0.339582622051239
0.6246349215507507
0.54071044921875
0.6036450266838074
0.5321711897850037
0.5849974751472473
0.6283238530158997
0.6281144022941589
0.6345128417015076
0.52447110414505
0.5577786564826965
0.2829395532608032
0.3456999659538269
0.6871378421783447
0.34167662262916565
0.6047797203063965
0.49283331632614136
0.6298846006393433
0.47771626710891724
0.6290780901908875
0.6086075305938721
0.5961156487464905
0.6086075305938721
0.5961156487464905
0.6840308904647827
0.28728345036506653
0.5899128913879395
0.4882078766822815
0.3776443302631378
0.43955984711647034
0.4450404942035675
0.28728345036506653
0.5899128913879395
0.4882078766822815
0.3776443302631378
0.43955984711647034
0.4450404942035675
0.417375773191452
0.667982816696167
0.5875958800315857
0.5873619318008423
0.42792659997940063
0.5875958800315857
0.5873619318008423
0.42792659997940063
0.6527737975120544
0.5855425596237183
0.4066513776779175
0.6835119128227234
0.6163551807403564
0.37348517775535583
0.6775920391082764
0.23511265218257904
0.5835326910018921
0.6135639548301697
0.5179541707038879
0.510002613067627
0.617691159248352
0.510002613067627
0.617691159248352
0.5051275491714478
0.5463069081306458
0.3849155306816101
0.5051275491714478
0.5463069081306458
0.3849155306816101
0.27178966999053955
0.6877737641334534
0.6434318423271179
0.27178966999053955
0.6877737641334534
0.6434318423271179
0.6503371000289917
0.6020382642745972
0.24963818490505219
0.36264339089393616
0.6852035522460938
0.6513475775718689
0.36264339089393616
0.6852035522460938
0.6513475775718689
0.6688181757926941
0.3050591051578522
0.5271131992340088
0.6350451111793518
0.6875467896461487
0.5607662796974182
0.42823508381843567
0.5147193074226379
0.42285141348838806
0.623718798160553
0.3242904543876648
0.6247808933258057
0.6897424459457397
0.5195176005363464
0.3778594434261322
0.46248432993888855
0.5439677238464355
0.2922784686088562
0.678837776184082
0.681584358215332
0.2922784686088562
0.678837776184082
0.681584358215332
0.6264051795005798
0.6810572743415833
0.5740171670913696
0.2973426580429077
0.6590119004249573
0.5058509111404419
0.4147164523601532
0.5612260699272156
0.641263484954834
0.3954342007637024
0.5090224742889404
0.6884880661964417
0.6551806926727295
0.5448110103607178
0.6424493193626404
0.6547757983207703
0.512441098690033
0.7250586748123169
0.6013808846473694
0.3337734341621399
0.6189532279968262
0.5489479899406433
0.6824876070022583
0.2691320776939392
0.38820579648017883
0.597399115562439
0.5947256684303284
0.5611593127250671
0.6119970679283142
0.6685173511505127
0.5405604243278503
0.6616423726081848
0.6885143518447876
0.663025438785553
0.45246976613998413
0.5230165719985962
0.4264611601829529
0.3719296157360077
0.6165290474891663
0.491556316614151
0.5703293085098267
0.7275785803794861
0.614091694355011
0.7275785803794861
0.614091694355011
0.5369778871536255
0.42285141348838806
0.6032117009162903
0.616237461566925
0.6016229391098022
0.6749549508094788
0.6583799123764038
0.4706662595272064
0.5571023225784302
0.37901586294174194
0.393117755651474
0.6583799123764038
0.4706662595272064
0.5571023225784302
0.37901586294174194
0.393117755651474
0.46710652112960815
0.5417926907539368
0.512730598449707
0.4608345925807953
0.46710652112960815
0.5417926907539368
0.512730598449707
0.4608345925807953
0.4929598569869995
0.47438716888427734
0.6788602471351624
0.422349750995636
0.6196045875549316
0.6597173810005188
0.615747332572937
0.7129700183868408
0.6126354932785034
0.46553468704223633
0.6126354932785034
0.46553468704223633
0.5277701616287231
0.3961012065410614
0.5277701616287231
0.3961012065410614
0.6061629056930542
0.5672868490219116
0.6061629056930542
0.5672868490219116
0.6101574897766113
0.520639181137085
0.6756424903869629
0.594468891620636
0.3075477182865143
0.6229960918426514
0.36061912775039673
0.4984331429004669
0.6643449068069458
0.5751730799674988
0.565222978591919
0.6254224181175232
0.565222978591919
0.6254224181175232
0.5090804100036621
0.44955769181251526
0.2845228612422943
0.6373357772827148
0.4670337736606598
0.34730082750320435
0.5291579365730286
0.4813312292098999
0.5192539095878601
0.6610313057899475
0.6378882527351379
0.41183242201805115
0.7096284627914429
0.5921911001205444
0.7096284627914429
0.5921911001205444
0.6114121079444885
0.5285956263542175
0.6019967198371887
0.5326661467552185
0.6381698250770569
0.5269466042518616
0.7394506931304932
0.5269466042518616
0.7394506931304932
0.6569750905036926
0.6635885834693909
0.5989100933074951
0.470439076423645
0.5646953582763672
0.470439076423645
0.5646953582763672
0.43155160546302795
0.49406224489212036
0.34810253977775574
0.6364632844924927
0.5727818012237549
0.6364632844924927
0.5727818012237549
0.5783026814460754
0.6774192452430725
0.47528746724128723
0.6206244230270386
0.5085862874984741
0.6594516038894653
0.5384255051612854
0.4233236610889435
0.4760483503341675
0.3217114806175232
0.4967883229255676
0.4233236610889435
0.4760483503341675
0.3217114806175232
0.4967883229255676
0.6267207860946655
0.5552716255187988
0.6154924035072327
0.445648729801178
0.592717170715332
0.5942484736442566
0.6419839262962341
0.5530338287353516
0.6444483995437622
0.643090009689331
0.5872046947479248
0.4892161190509796
0.4863433837890625
0.6242515444755554
0.5661733746528625
0.6174823641777039
0.4863433837890625
0.6242515444755554
0.5661733746528625
0.6174823641777039
0.4863433837890625
0.6242515444755554
0.5661733746528625
0.6174823641777039
0.6866675019264221
0.6064825057983398
0.6616411209106445
0.6064825057983398
0.6616411209106445
0.553384006023407
0.6322125196456909
0.553384006023407
0.6322125196456909
0.40476685762405396
0.685454785823822
0.35462117195129395
0.6906740069389343
0.6401700377464294
0.6363051533699036
0.34054407477378845
0.553665816783905
0.4873018264770508
0.5821227431297302
0.34054407477378845
0.553665816783905
0.4873018264770508
0.5821227431297302
0.5743729472160339
0.672210693359375
0.5743729472160339
0.672210693359375
0.28832733631134033
0.4788886308670044
0.6427443623542786
0.28832733631134033
0.4788886308670044
0.6427443623542786
0.4188168942928314
0.643670380115509
0.4511135518550873
0.5348044633865356
0.6703981757164001
0.5348044633865356
0.6703981757164001
0.3548361659049988
0.5802488923072815
0.5890049934387207
0.5300125479698181
0.6174625754356384
0.5300125479698181
0.6174625754356384
0.4647487699985504
0.7245773673057556
0.5789370536804199
0.6725218296051025
0.6664034128189087
0.31361719965934753
0.5140020847320557
0.59749835729599
0.5087162852287292
0.50564044713974
0.5775219202041626
0.4504746198654175
0.5560093522071838
0.38394835591316223
0.4910966157913208
0.4983861446380615
0.604991614818573
0.7009639739990234
0.5288622975349426
0.607140839099884
0.3663465976715088
0.4613021910190582
0.6592430472373962
0.6778151988983154
0.4613021910190582
0.6592430472373962
0.6778151988983154
0.5194340348243713
0.5717039108276367
0.5194340348243713
0.5717039108276367
0.33538398146629333
0.6180999875068665
0.4980962872505188
0.39844343066215515
0.45964986085891724
0.5243784785270691
0.48840245604515076
0.5820851922035217
0.6572266221046448
0.5820851922035217
0.6572266221046448
0.5575502514839172
0.605861485004425
0.5803486704826355
0.3579142391681671
0.605861485004425
0.5803486704826355
0.3579142391681671
0.6595923900604248
0.663328230381012
0.3277807831764221
0.5540627241134644
0.5434438586235046
0.6796160340309143
0.6105519533157349
0.3137841522693634
0.6055197715759277
0.4755835235118866
0.6401606798171997
0.4755835235118866
0.6401606798171997
0.6010155081748962
0.5552120804786682
0.3987264633178711
0.3134864568710327
0.3966871500015259
0.5470575094223022
0.6032816767692566
0.6753511428833008
0.761559009552002
0.5323957204818726
0.761559009552002
0.5323957204818726
0.47652867436408997
0.5398994088172913
0.613461971282959
0.6297496557235718
0.5223338007926941
0.27165868878364563
0.3754681348800659
0.6178435683250427
0.43280258774757385
0.497458279132843
0.5235000252723694
0.43280258774757385
0.497458279132843
0.5235000252723694
0.43280258774757385
0.497458279132843
0.5235000252723694
0.6579136252403259
0.5841462016105652
0.5927485823631287
0.30651646852493286
0.6487748026847839
0.5927485823631287
0.30651646852493286
0.6487748026847839
0.6988295316696167
0.317493736743927
0.5570920705795288
0.6910703182220459
0.317493736743927
0.5570920705795288
0.6910703182220459
0.5303264856338501
0.6890733242034912
0.41036632657051086
0.69593745470047
0.41036632657051086
0.69593745470047
0.6208094358444214
0.43647587299346924
0.5257433652877808
0.5230298638343811
0.7046846151351929
0.5717927813529968
0.46812403202056885
0.6565296053886414
0.6806132793426514
0.4691099226474762
0.3595261573791504
0.640622615814209
0.5553568005561829
0.640622615814209
0.5553568005561829
0.7303224205970764
0.4046678841114044
0.6690681576728821
0.6191509962081909
0.4046678841114044
0.6690681576728821
0.6191509962081909
0.46791642904281616
0.6350585222244263
0.4043615460395813
0.6505021452903748
0.5405616760253906
0.6790714859962463
0.4921456575393677
0.43365269899368286
0.44704732298851013
0.66147381067276
0.5421918630599976
0.6536723971366882
0.649177074432373
0.5494044423103333
0.4898613691329956
0.5755449533462524
0.5774081945419312
0.6566365361213684
0.5774081945419312
0.6566365361213684
0.6221946477890015
0.5749310255050659
0.2999696135520935
0.6513833403587341
0.6624200344085693
0.6398559808731079
0.5428776144981384
0.6113030314445496
0.6547843217849731
0.6233828067779541
0.6315871477127075
0.6289767622947693
0.6315871477127075
0.6289767622947693
0.5025122761726379
0.6128974556922913
0.42312923073768616
0.6816376447677612
0.6958034038543701
0.5764240026473999
0.4250374138355255
0.4166817367076874
0.7107263207435608
0.5901809930801392
0.5260603427886963
0.45913049578666687
0.28685909509658813
0.6559253931045532
0.6836257576942444
0.45913049578666687
0.28685909509658813
0.6559253931045532
0.6836257576942444
0.6041958928108215
0.48143503069877625
0.6058279871940613
0.4798572063446045
0.6041958928108215
0.48143503069877625
0.6058279871940613
0.4798572063446045
0.49047404527664185
0.41733458638191223
0.6268791556358337
0.5866023898124695
0.5987061262130737
0.45902490615844727
0.6669233441352844
0.49834147095680237
0.6669233441352844
0.49834147095680237
0.5723816156387329
0.5737244486808777
0.6115170121192932
0.6194009780883789
0.3763423264026642
0.42296355962753296
0.6615869402885437
0.7097983360290527
0.5851491689682007
0.5390853881835938
0.5851491689682007
0.5390853881835938
0.6327711939811707
0.44564738869667053
0.5807982683181763
0.4906700551509857
0.4221063554286957
0.44564738869667053
0.5807982683181763
0.4906700551509857
0.4221063554286957
0.5452232956886292
0.6714839339256287
0.5452232956886292
0.6714839339256287
0.6689836382865906
0.4983631372451782
0.3837771415710449
0.5134629607200623
0.5594321489334106
0.38908788561820984
0.6842817664146423
0.33375146985054016
0.67292720079422
0.5066887736320496
0.5154752135276794
0.5511482357978821
0.7472584247589111
0.7397782802581787
0.6064445376396179
0.6853834986686707
0.6938402056694031
0.5392416715621948
0.5249434113502502
0.5706651210784912
0.5748742818832397
0.6504518389701843
0.5862280130386353
0.38710567355155945
0.6253166794776917
0.5337391495704651
0.6097120642662048
0.41084498167037964
0.5420757532119751
0.6104357242584229
0.5870077013969421
0.48199597001075745
0.517837405204773
0.7350382208824158
0.5608946084976196
0.7350382208824158
0.5608946084976196
0.6837501525878906
0.5426045656204224
0.5228786468505859
0.5143766403198242
0.508895218372345
0.6385775804519653
0.508895218372345
0.6385775804519653
0.3526340126991272
0.29292023181915283
0.5798177719116211
0.5722684264183044
0.5850449800491333
0.36869287490844727
0.6820592284202576
0.49616411328315735
0.6213311553001404
0.5871362686157227
0.33876338601112366
0.6213311553001404
0.5871362686157227
0.33876338601112366
0.6398859620094299
0.6594841480255127
0.47078028321266174
0.44491130113601685
0.4577239751815796
0.6451624631881714
0.7035173177719116
0.6485815048217773
0.5951626300811768
0.601580798625946
0.3573816120624542
0.6375247836112976
0.2687961459159851
0.5144004821777344
0.653715193271637
0.5144004821777344
0.653715193271637
0.6061879992485046
0.4651481807231903
0.5822351574897766
0.506770133972168
0.44695255160331726
0.4735317528247833
0.7195140719413757
0.6950151920318604
0.6920198202133179
0.40951240062713623
0.6457505822181702
0.6378362774848938
0.644653856754303
0.6834980249404907
0.644653856754303
0.6834980249404907
0.6149048209190369
0.618632972240448
0.6080438494682312
0.6782716512680054
0.37173619866371155
0.7135064601898193
0.583727240562439
0.6569297313690186
0.37173619866371155
0.7135064601898193
0.583727240562439
0.6569297313690186
0.37173619866371155
0.7135064601898193
0.583727240562439
0.6569297313690186
0.44804689288139343
0.5353590846061707
0.5204887390136719
0.6424980163574219
0.6607167720794678
0.3391112983226776
0.6231658458709717
0.6330989003181458
0.6520220041275024
0.6403164863586426
0.6082894802093506
0.6403164863586426
0.6082894802093506
0.27725303173065186
0.6256109476089478
0.5707534551620483
0.5528175234794617
0.5864424109458923
0.43580150604248047
0.6179941296577454
0.5528175234794617
0.5864424109458923
0.43580150604248047
0.6179941296577454
0.5528175234794617
0.5864424109458923
0.43580150604248047
0.6179941296577454
0.5254482626914978
0.5931392312049866
0.5254482626914978
0.5931392312049866
0.41110917925834656
0.6794074773788452
0.5889360904693604
0.5820555090904236
0.6655449271202087
0.7132889628410339
0.35848039388656616
0.42540717124938965
0.3626774251461029
0.5134102702140808
0.5310742259025574
0.5360210537910461
0.35848039388656616
0.42540717124938965
0.3626774251461029
0.5134102702140808
0.5310742259025574
0.5360210537910461
0.5081191062927246
0.7342079877853394
0.5081191062927246
0.7342079877853394
0.6204968094825745
0.5108714699745178
0.5735659599304199
0.5963979363441467
0.5457567572593689
0.5881734490394592
0.5483372211456299
0.307783842086792
0.6483425498008728
0.4701623320579529
0.7028545141220093
0.5736774802207947
0.7028545141220093
0.5736774802207947
0.6302806735038757
0.4990942180156708
0.5310183763504028
0.7078153491020203
0.4990942180156708
0.5310183763504028
0.7078153491020203
0.4990942180156708
0.5310183763504028
0.7078153491020203
0.6937367916107178
0.6214253902435303
0.6814841628074646
0.6674941778182983
0.6814841628074646
0.6674941778182983
0.6520940065383911
0.2611568570137024
0.4826601445674896
0.6806526184082031
0.5760080218315125
0.4062972068786621
0.5715816617012024
0.33829018473625183
0.4763641655445099
0.5155890583992004
0.4374721050262451
0.46989861130714417
0.47857746481895447
0.5535767078399658
0.49134397506713867
0.5745909810066223
0.6701873540878296
0.5910792946815491
0.6088552474975586
0.5744894742965698
0.6088552474975586
0.5744894742965698
0.6447623372077942
0.5113334059715271
0.6447623372077942
0.5113334059715271
0.4453176259994507
0.6110960841178894
0.4453176259994507
0.6110960841178894
0.4670073986053467
0.2886184751987457
0.6614844799041748
0.617500901222229
0.5000112056732178
0.4947776198387146
0.5442991256713867
0.44259893894195557
0.4662635922431946
0.6818435192108154
0.4322732388973236
0.4877834916114807
0.6716170310974121
0.6646499633789062
0.4944040775299072
0.3246411085128784
0.6943397521972656
0.6009847521781921
0.6065334677696228
0.6009847521781921
0.6065334677696228
0.3876170814037323
0.4884655475616455
0.6460587978363037
0.6321508288383484
0.5244513750076294
0.660719096660614
0.6172041296958923
0.656766951084137
0.71571946144104
0.611372172832489
0.37963464856147766
0.41066309809684753
0.43540456891059875
0.5881080627441406
0.5383501648902893
0.6725061535835266
0.6225700378417969
0.6725061535835266
0.6225700378417969
0.5802878737449646
0.674976646900177
0.6725502014160156
0.674976646900177
0.6725502014160156
0.3905317187309265
0.5604250431060791
0.6057693362236023
0.6802123188972473
0.5771515965461731
0.4506697952747345
0.3747284710407257
0.4537482261657715
0.31956642866134644
0.38541853427886963
0.4430834949016571
0.5763404369354248
0.6414780020713806
0.5923722386360168
0.6942850947380066
0.6414780020713806
0.5923722386360168
0.6942850947380066
0.6414780020713806
0.5923722386360168
0.6942850947380066
0.6637197732925415
0.41623687744140625
0.6877794861793518
0.5861246585845947
0.2650134563446045
0.5268082618713379
0.392518013715744
0.44313889741897583
0.5547264218330383
0.6927466988563538
0.6177612543106079
0.46586641669273376
0.480176717042923
0.42208507657051086
0.3907862603664398
0.6887791156768799
0.594645619392395
0.5147925615310669
0.5579084157943726
0.6595276594161987
0.5561698079109192
0.6583057641983032
0.716660737991333
0.4115215241909027
0.6233879923820496
0.6487055420875549
0.6568008065223694
0.4969724416732788
0.30167871713638306
0.5781389474868774
0.461115300655365
0.5748637318611145
0.49810993671417236
0.4434904456138611
0.47506147623062134
0.6569375395774841
0.4822216033935547
0.6430699825286865
0.4563039541244507
0.5742316842079163
0.5536202192306519
0.5404209494590759
0.668803334236145
0.5916717648506165
0.668803334236145
0.5916717648506165
0.37237870693206787
0.5752333402633667
0.6215131282806396
0.4708000123500824
0.6036849021911621
0.6600267887115479
0.6686016321182251
0.6600267887115479
0.6686016321182251
0.5855550169944763
0.33291980624198914
0.6713045835494995
0.579197883605957
0.6617256999015808
0.29682213068008423
0.4773934483528137
0.7783611416816711
0.6576238870620728
0.7783611416816711
0.6576238870620728
0.645354688167572
0.6400036811828613
0.645354688167572
0.6400036811828613
0.6497282385826111
0.5851825475692749
0.5904170870780945
0.5851825475692749
0.5904170870780945
0.5816428065299988
0.644805908203125
0.5780321955680847
0.4586130380630493
0.2857217788696289
0.5780321955680847
0.4586130380630493
0.2857217788696289
0.5411326289176941
0.6243993043899536
0.6274608969688416
0.35470107197761536
0.6318022012710571
0.44256892800331116
0.6367287039756775
0.5681990385055542
0.5662545561790466
0.5876414775848389
0.5662545561790466
0.5876414775848389
0.6602412462234497
0.7130405306816101
0.6251547932624817
0.6522282361984253
0.6420968174934387
0.6522282361984253
0.6420968174934387
0.630132257938385
0.41351786255836487
0.6349686980247498
0.5906668305397034
0.4446999430656433
0.4041014313697815
0.4245264232158661
0.27969589829444885
0.6994301676750183
0.40748345851898193
0.6667186617851257
0.3518880605697632
0.6394486427307129
0.5955203771591187
0.3518880605697632
0.6394486427307129
0.5955203771591187
0.6583640575408936
0.5720677375793457
0.4356248080730438
0.5643491744995117
0.4356248080730438
0.5643491744995117
0.5911893248558044
0.628163754940033
0.6352562308311462
0.6458430290222168
0.6352562308311462
0.6458430290222168
0.6109687685966492
0.6194636821746826
0.5194995403289795
0.3436855673789978
0.6194636821746826
0.5194995403289795
0.3436855673789978
0.47758519649505615
0.5462504625320435
0.32899612188339233
0.4852045476436615
0.46567922830581665
0.4901025593280792
0.6781560182571411
0.531599760055542
0.5956500768661499
0.560453474521637
0.5033053755760193
0.3764713406562805
0.4537922739982605
0.6016379594802856
0.49745428562164307
0.5690664649009705
0.660714864730835
0.5427017211914062
0.5690664649009705
0.660714864730835
0.5427017211914062
0.5213717222213745
0.6763424873352051
0.4566136300563812
0.6579931378364563
0.6011040210723877
0.4758506119251251
0.40303438901901245
0.6293064951896667
0.6143469214439392
0.5972513556480408
0.6143469214439392
0.5972513556480408
0.5801807045936584
0.6593160629272461
0.6172041296958923
0.6094354391098022
0.6172041296958923
0.6094354391098022
0.36558300256729126
0.4847998321056366
0.5429825186729431
0.6818119883537292
0.29057180881500244
0.3275196850299835
0.5795592069625854
0.3180676996707916
0.5717409253120422
0.5299464464187622
0.5965248346328735
0.653005838394165
0.5925666689872742
0.6820773482322693
0.6442117094993591
0.2490251660346985
0.545184314250946
0.40524744987487793
0.6374404430389404
0.6537567973136902
0.6550021171569824
0.365166038274765
0.5391327738761902
0.5151732563972473
0.365166038274765
0.5391327738761902
0.5151732563972473
0.41403377056121826
0.2541615962982178
0.3505857586860657
0.6376193761825562
0.6519117951393127
0.7346127033233643
0.5553793907165527
0.6938446164131165
0.6406946182250977
0.6938446164131165
0.6406946182250977
0.3168316185474396
0.5069559812545776
0.3013881742954254
0.5278192758560181
0.3361120820045471
0.6620737910270691
0.6518637537956238
0.6718431115150452
0.6518637537956238
0.6718431115150452
0.6137902140617371
0.6070296764373779
0.3591781556606293
0.3452751934528351
0.6964499950408936
0.27208441495895386
0.6161031126976013
0.6522769927978516
0.27208441495895386
0.6161031126976013
0.6522769927978516
0.39202356338500977
0.6423653364181519
0.48213791847229004
0.5709407925605774
0.470779687166214
0.6408533453941345
0.2521249055862427
0.6376992464065552
0.4815574288368225
0.6408533453941345
0.2521249055862427
0.6376992464065552
0.4815574288368225
0.6862173080444336
0.5851715803146362
0.6558273434638977
0.5851715803146362
0.6558273434638977
0.7026368975639343
0.4357205033302307
0.635491132736206
0.28962138295173645
0.6506283283233643
0.6654151082038879
0.5986121892929077
0.6098070740699768
0.5482553839683533
0.5105799436569214
0.2727282643318176
0.6596748232841492
0.5134448409080505
0.5782719850540161
0.3580511808395386
0.6025024652481079
0.26389092206954956
0.6158419251441956
0.6610406041145325
0.45692312717437744
0.23714274168014526
0.5187123417854309
0.2547400891780853
0.5362833142280579
0.6050348877906799
0.6988515257835388
0.6197859048843384
0.6324039697647095
0.45429277420043945
0.48921728134155273
0.6287788152694702
0.5593386292457581
0.5497150421142578
0.7000970244407654
0.6620813608169556
0.6424571871757507
0.6757434010505676
0.6424571871757507
0.6757434010505676
0.6927714347839355
0.5238524079322815
0.37166646122932434
0.3648986518383026
0.5417032241821289
0.4727441966533661
0.5451679229736328
0.3648986518383026
0.5417032241821289
0.4727441966533661
0.5451679229736328
0.2815588116645813
0.5141489505767822
0.6632179617881775
0.2910577952861786
0.7191559076309204
0.5155624747276306
0.6057011485099792
0.6322468519210815
0.6057011485099792
0.6322468519210815
0.6430143713951111
0.6474473476409912
0.4181341826915741
0.6122463941574097
0.34692856669425964
0.6320595145225525
0.38620996475219727
0.6089594960212708
0.549293577671051
0.3459136188030243
0.5164477229118347
0.547868013381958
0.652513325214386
0.547868013381958
0.652513325214386
0.5299651622772217
0.5325973629951477
0.6018149852752686
0.26113030314445496
0.5383089780807495
0.5598569512367249
0.42339223623275757
0.2595447301864624
0.6461260318756104
0.3189855217933655
0.7527430057525635
0.6478636860847473
0.3189855217933655
0.7527430057525635
0.6478636860847473
0.5577971935272217
0.4793752431869507
0.5926393866539001
0.5971852540969849
0.6257577538490295
0.5971852540969849
0.6257577538490295
0.5039052963256836
0.4372544288635254
0.4878239631652832
0.33940255641937256
0.6620249152183533
0.4878239631652832
0.33940255641937256
0.6620249152183533
0.3006269931793213
0.6348012089729309
0.6331494450569153
0.5585231781005859
0.40019020438194275
0.3006269931793213
0.6348012089729309
0.6331494450569153
0.5585231781005859
0.40019020438194275
0.5840204954147339
0.33488959074020386
0.4766642153263092
0.41473570466041565
0.31740811467170715
0.6281542778015137
0.5455560684204102
0.2833198010921478
0.4918184280395508
0.5563535690307617
0.623562753200531
0.2938253879547119
0.6700782775878906
0.6569174528121948
0.6343193054199219
0.6786155700683594
0.5942100286483765
0.5957660675048828
0.3432556390762329
0.3397310674190521
0.704631507396698
0.6795377135276794
0.3432556390762329
0.3397310674190521
0.704631507396698
0.6795377135276794
0.5525511503219604
0.5947760343551636
0.5306816101074219
0.526344895362854
0.44115710258483887
0.6616836786270142
0.60188227891922
0.563494086265564
0.5622525215148926
0.5608565211296082
0.5622525215148926
0.5608565211296082
0.6240292191505432
0.5921950340270996
0.6442883610725403
0.5566428303718567
0.5357487201690674
0.6535312533378601
0.27690768241882324
0.6493013501167297
0.6486390233039856
0.520932137966156
0.6795295476913452
0.607709527015686
0.5842298865318298
0.5813817381858826
0.522936224937439
0.527698814868927
0.22896815836429596
0.6107922196388245
0.42472973465919495
0.6219926476478577
0.5705939531326294
0.6044591665267944
0.6977158188819885
0.7248173952102661
0.4678647816181183
0.6396161317825317
0.6977158188819885
0.7248173952102661
0.4678647816181183
0.6396161317825317
0.6977158188819885
0.7248173952102661
0.4678647816181183
0.6396161317825317
0.6977158188819885
0.7248173952102661
0.4678647816181183
0.6396161317825317
0.46828973293304443
0.6064795255661011
0.6560942530632019
0.5805510878562927
0.3741358816623688
0.6130133271217346
0.46146050095558167
0.36380115151405334
0.582422137260437
0.5550674200057983
0.2624906599521637
0.6402877569198608
0.6427593231201172
0.4661991596221924
0.5286166667938232
0.563461422920227
0.4315398335456848
0.6004222631454468
0.6965859532356262
0.5085408687591553
0.5896111130714417
0.5085408687591553
0.5896111130714417
0.6464014649391174
0.5236408114433289
0.37281161546707153
0.6078492999076843
0.2915427088737488
0.621574878692627
0.41359734535217285
0.49173349142074585
0.4502064883708954
0.6832299828529358
0.6679351329803467
0.605292797088623
0.5472100377082825
0.5916997194290161
0.284578800201416
0.5895869731903076
0.5418525338172913
0.26435142755508423
0.26755616068840027
0.6852329969406128
0.6083313822746277
0.6226109862327576
0.6083313822746277
0.6226109862327576
0.48401322960853577
0.6601276397705078
0.6594533324241638
0.3320428431034088
0.47303134202957153
0.5872141718864441
0.6415764093399048
0.6355590224266052
0.6415764093399048
0.6355590224266052
0.6813390254974365
0.47193706035614014
0.6250158548355103
0.7337557673454285
0.6230608224868774
0.562157392501831
0.43047240376472473
0.26546937227249146
0.6750829219818115
0.5510365962982178
0.6750829219818115
0.5510365962982178
0.5049291849136353
0.6019867062568665
0.29086312651634216
0.6536199450492859
0.5761705636978149
0.6233582496643066
0.6343109607696533
0.6063267588615417
0.292434960603714
0.6254295110702515
0.6228163838386536
0.6254295110702515
0.6228163838386536
0.5980949997901917
0.23792827129364014
0.5785995125770569
0.6952235698699951
0.23792827129364014
0.5785995125770569
0.6952235698699951
0.5553641319274902
0.6028627157211304
0.5553641319274902
0.6028627157211304
0.596571147441864
0.4593777060508728
0.613882303237915
0.5440596342086792
0.6504713892936707
0.6875611543655396
0.5843374133110046
0.49942848086357117
0.28042399883270264
0.6172166466712952
0.5200099349021912
0.6412203907966614
0.5200099349021912
0.6412203907966614
0.4397883713245392
0.5468275547027588
0.5718832015991211
0.5665081143379211
0.5005407333374023
0.5651239156723022
0.2522885799407959
0.5747158527374268
0.5622391700744629
0.7720163464546204
0.2716453969478607
0.6179729104042053
0.6497899293899536
0.6179729104042053
0.6497899293899536
0.6373242139816284
0.5810684561729431
0.5137065649032593
0.6457594037055969
0.5137065649032593
0.6457594037055969
0.676977813243866
0.5420144200325012
0.25640079379081726
0.6558427214622498
0.6595481038093567
0.30801188945770264
0.6459909081459045
0.5096567273139954
0.5743775367736816
0.4083706736564636
0.6807733774185181
0.5490161776542664
0.5410751700401306
0.5490161776542664
0.5410751700401306
0.6375829577445984
0.5387941002845764
0.6786954402923584
0.5845488905906677
0.5733808279037476
0.36345043778419495
0.48898592591285706
0.5205469131469727
0.4803933799266815
0.545102596282959
0.5205469131469727
0.4803933799266815
0.545102596282959
0.2795673906803131
0.6316162943840027
0.5344904661178589
0.7074353694915771
0.5630545020103455
0.7074353694915771
0.5630545020103455
0.504237949848175
0.5751407742500305
0.6434631943702698
0.47996991872787476
0.6156426072120667
0.5812119841575623
0.5568597316741943
0.5941690802574158
0.5568597316741943
0.5941690802574158
0.5729275941848755
0.437358558177948
0.7170474529266357
0.6520472168922424
0.38194483518600464
0.6044565439224243
0.5242210030555725
0.6497423648834229
0.47400137782096863
0.42548277974128723
0.42501387000083923
0.25440773367881775
0.45543891191482544
0.685768723487854
0.314182311296463
0.6738588809967041
0.6070632934570312
0.5433516502380371
0.7209105491638184
0.5433516502380371
0.7209105491638184
0.35262104868888855
0.48442456126213074
0.6936810612678528
0.44863077998161316
0.4144270420074463
0.6082332134246826
0.3333559036254883
0.6590256094932556
0.537880539894104
0.3333559036254883
0.6590256094932556
0.537880539894104
0.6189944744110107
0.6567014455795288
0.5960447192192078
0.6189944744110107
0.6567014455795288
0.5960447192192078
0.6189944744110107
0.6567014455795288
0.5960447192192078
0.6717363595962524
0.5070919990539551
0.47588077187538147
0.5070919990539551
0.47588077187538147
0.3325037956237793
0.684340238571167
0.6533543467521667
0.5926299095153809
0.3325037956237793
0.684340238571167
0.6533543467521667
0.5926299095153809
0.3325037956237793
0.684340238571167
0.6533543467521667
0.5926299095153809
0.7166628837585449
0.3370107412338257
0.7346386909484863
0.6114051342010498
0.445370078086853
0.24541370570659637
0.674095630645752
0.7346386909484863
0.6114051342010498
0.445370078086853
0.24541370570659637
0.674095630645752
0.7346386909484863
0.6114051342010498
0.445370078086853
0.24541370570659637
0.674095630645752
0.7346386909484863
0.6114051342010498
0.445370078086853
0.24541370570659637
0.674095630645752
0.38847020268440247
0.6272956132888794
0.5147008895874023
0.38847020268440247
0.6272956132888794
0.5147008895874023
0.6133331060409546
0.617040753364563
0.3304310441017151
0.6494836807250977
0.3147341310977936
0.4381597340106964
0.6596919298171997
0.3147341310977936
0.4381597340106964
0.6596919298171997
0.5898649096488953
0.44363099336624146
0.5914467573165894
0.3477506637573242
0.5905871987342834
0.37868940830230713
0.5425159931182861
0.3179861307144165
0.6683065891265869
0.7097997069358826
0.5933230519294739
0.6024988889694214
0.5802529454231262
0.674967348575592
0.5802529454231262
0.674967348575592
0.7227140665054321
0.5271787047386169
0.624273419380188
0.6504188179969788
0.664539635181427
0.6504188179969788
0.664539635181427
0.46730735898017883
0.6736941933631897
0.6321008205413818
0.37748557329177856
0.5336227416992188
0.3383450508117676
0.5336227416992188
0.3383450508117676
0.6795219779014587
0.4338306486606598
0.4297996759414673
0.5771540403366089
0.6331760883331299
0.6403199434280396
0.5793768763542175
0.6403199434280396
0.5793768763542175
0.30838876962661743
0.3157429099082947
0.5941900610923767
0.4666571617126465
0.35726022720336914
0.6036134362220764
0.3458424210548401
0.5393475890159607
0.7400870323181152
0.34573933482170105
0.5311009883880615
0.548825204372406
0.2544902563095093
0.6672297716140747
0.5854605436325073
0.5232715606689453
0.4497637450695038
0.6482757329940796
0.5632008910179138
0.6482757329940796
0.5632008910179138
0.5362008810043335
0.730728268623352
0.5362008810043335
0.730728268623352
0.7471147179603577
0.5822107195854187
0.7471147179603577
0.5822107195854187
0.5502667427062988
0.5161683559417725
0.5502667427062988
0.5161683559417725
0.5693097710609436
0.3557411730289459
0.7529261112213135
0.6252356767654419
0.6554057598114014
0.5362383127212524
0.34030094742774963
0.573468804359436
0.28213226795196533
0.30455633997917175
0.6926865577697754
0.336540162563324
0.7133507132530212
0.5185399055480957
0.6387925148010254
0.6543501615524292
0.6401172876358032
0.526959240436554
0.499314546585083
0.5098991394042969
0.638854444026947
0.6638021469116211
0.5171058177947998
0.6839775443077087
0.6605133414268494
0.5202891826629639
0.5405786037445068
0.42126867175102234
0.5238873958587646
0.3134346306324005
0.654241144657135
0.49940359592437744
0.6260687112808228
0.6509979963302612
0.6681917905807495
0.6910467147827148
0.3852248787879944
0.5681095719337463
0.5733543038368225
0.3852248787879944
0.5681095719337463
0.5733543038368225
0.3523503243923187
0.5903694033622742
0.3919621706008911
0.4053165912628174
0.3419228196144104
0.4419268071651459
0.6156749129295349
0.641593873500824
0.3419228196144104
0.4419268071651459
0.6156749129295349
0.641593873500824
0.4988749921321869
0.6146084070205688
0.6422703266143799
0.5686190128326416
0.724921703338623
0.47839751839637756
0.724921703338623
0.47839751839637756
0.5192846059799194
0.6845834851264954
0.5192846059799194
0.6845834851264954
0.28697669506073
0.6583817005157471
0.6716076135635376
0.48467621207237244
0.4621628224849701
0.6666502952575684
0.4244235157966614
0.6543680429458618
0.5210937857627869
0.537297785282135
0.6379627585411072
0.5750842094421387
0.33274149894714355
0.6295897960662842
0.6826213598251343
0.6795557737350464
0.669241726398468
0.44306305050849915
0.4197314381599426
0.6489839553833008
0.3164840042591095
0.5453062653541565
0.29987046122550964
0.6648191809654236
0.49554672837257385
0.49737921357154846
0.6474689245223999
0.7007057666778564
0.39163416624069214
0.3161558508872986
0.31182947754859924
0.6807265877723694
0.6095596551895142
0.511407732963562
0.6073223352432251
0.511407732963562
0.6073223352432251
0.6118637919425964
0.5754121541976929
0.6122486591339111
0.3247864544391632
0.7065839171409607
0.675428569316864
0.3247864544391632
0.7065839171409607
0.675428569316864
0.5809323191642761
0.6988194584846497
0.6226460337638855
0.4807521104812622
0.6111277341842651
0.638785719871521
0.4807521104812622
0.6111277341842651
0.638785719871521
0.4807521104812622
0.6111277341842651
0.638785719871521
0.6257175803184509
0.5313069820404053
0.5553483963012695
0.6749757528305054
0.47623205184936523
0.44483935832977295
0.47623205184936523
0.44483935832977295
0.6950579285621643
0.496457040309906
0.6950579285621643
0.496457040309906
0.5488966703414917
0.5541175007820129
0.5488966703414917
0.5541175007820129
0.6212972402572632
0.4757985770702362
0.5374261140823364
0.6036161184310913
0.4757985770702362
0.5374261140823364
0.6036161184310913
0.6940144300460815
0.6056756377220154
0.5489479899406433
0.6921080946922302
0.5105336904525757
0.5912663340568542
0.4646121859550476
0.3143402636051178
0.6458607316017151
0.40900903940200806
0.5318962335586548
0.6265464425086975
0.5915153622627258
0.6709360480308533
0.6258779764175415
0.5792710185050964
0.4656384587287903
0.5791464447975159
0.5986590385437012
0.5909347534179688
0.30778956413269043
0.6931310892105103
0.3273814618587494
0.6157479286193848
0.28912854194641113
0.6739539504051208
0.23777751624584198
0.6651713252067566
0.5257891416549683
0.6263303756713867
0.5900919437408447
0.5257891416549683
0.6263303756713867
0.5900919437408447
0.40657421946525574
0.6028793454170227
0.5688605904579163
0.4458368122577667
0.6814749836921692
0.6125895977020264
0.28133195638656616
0.3617236316204071
0.5483065843582153
0.30000704526901245
0.5848731994628906
0.3617236316204071
0.5483065843582153
0.30000704526901245
0.5848731994628906
0.500872015953064
0.3732413947582245
0.5695717334747314
0.6210576891899109
0.6632933020591736
0.36186590790748596
0.6597336530685425
0.6316669583320618
0.6597336530685425
0.6316669583320618
0.7042984962463379
0.5728828310966492
0.3261077105998993
0.4915318489074707
0.5078198313713074
0.5959777235984802
0.4262237846851349
0.3261077105998993
0.4915318489074707
0.5078198313713074
0.5959777235984802
0.4262237846851349
0.5015208125114441
0.6305869221687317
0.49475225806236267
0.5833929777145386
0.5625413656234741
0.637138843536377
0.5240392088890076
0.5625413656234741
0.637138843536377
0.5240392088890076
0.30794504284858704
0.4947625398635864
0.6686352491378784
0.5023744702339172
0.6192155480384827
0.6018459796905518
0.6972405314445496
0.6529442071914673
0.6972405314445496
0.6529442071914673
0.6421217322349548
0.7207464575767517
0.45647862553596497
0.34793195128440857
0.6810567378997803
0.48214465379714966
